# Omega fit to each site after fixing tree and all other parameters.
# Fits compared to null model of omega = 1.
# P-values NOT corrected for multiple testing, so consider Q-values too.
# Q-values computed separately for omega > and < 1 # Will fit different synonymous rate for each site.
#
site	omega	P	dLnL	Q
233	0.000	2.57e-05	8.854	0.00339
98	0.000	2.52e-05	8.876	0.00339
135	0.000	0.000181	7.009	0.0159
87	0.017	0.000816	5.602	0.0537
158	0.000	0.00129	5.181	0.0677
232	0.000	0.00568	3.824	0.161
216	0.000	0.00467	4.002	0.161
146	0.000	0.00613	3.756	0.161
53	0.000	0.0058	3.806	0.161
64	0.000	0.00614	3.754	0.161
241	0.083	0.0104	3.285	0.248
236	0.000	0.0114	3.203	0.249
134	0.000	0.0125	3.120	0.253
162	0.000	0.018	2.797	0.316
257	0.000	0.0179	2.801	0.316
219	0.000	0.0199	2.711	0.327
56	0.000	0.0935	1.407	0.43
52	0.000	0.0556	1.832	0.43
49	0.000	0.0848	1.485	0.43
123	0.000	0.0325	2.286	0.43
206	0.000	0.0842	1.491	0.43
226	0.000	0.0996	1.356	0.43
60	0.000	0.0552	1.839	0.43
225	0.000	0.0968	1.379	0.43
192	0.000	0.0977	1.371	0.43
132	0.000	0.0561	1.825	0.43
120	0.000	0.0651	1.701	0.43
90	0.000	0.0561	1.825	0.43
202	0.000	0.1	1.349	0.43
86	0.000	0.0661	1.689	0.43
164	0.000	0.0871	1.463	0.43
82	0.000	0.0996	1.356	0.43
109	0.000	0.0309	2.331	0.43
65	0.000	0.0799	1.534	0.43
112	0.000	0.0935	1.407	0.43
116	0.000	0.0871	1.463	0.43
76	0.000	0.0552	1.839	0.43
194	0.000	0.0996	1.356	0.43
118	0.000	0.101	1.343	0.43
220	0.000	0.0833	1.499	0.43
119	0.000	0.101	1.343	0.43
78	0.000	0.0836	1.497	0.43
70	0.000	0.0467	1.978	0.43
229	0.000	0.0661	1.689	0.43
42	0.000	0.066	1.690	0.43
2	0.000	0.0996	1.356	0.43
260	0.000	0.0842	1.491	0.43
167	0.000	0.0663	1.686	0.43
169	0.000	0.0935	1.407	0.43
255	0.000	0.0467	1.978	0.43
156	0.000	0.0902	1.435	0.43
251	0.000	0.0796	1.537	0.43
149	0.000	0.066	1.690	0.43
247	0.000	0.0619	1.742	0.43
44	0.082	0.0932	1.409	0.43
23	0.000	0.0325	2.285	0.43
181	0.000	0.0799	1.534	0.43
182	0.000	0.0935	1.407	0.43
147	0.000	0.096	1.385	0.43
97	0.000	0.0847	1.487	0.43
237	0.000	0.0557	1.830	0.43
235	0.000	0.0836	1.497	0.43
191	0.000	0.12	1.206	0.434
91	0.000	0.114	1.250	0.434
261	0.064	0.141	1.083	0.434
100	0.000	0.14	1.087	0.434
5	0.000	0.155	1.011	0.434
170	0.000	0.127	1.161	0.434
234	0.000	0.12	1.207	0.434
200	0.000	0.152	1.027	0.434
198	0.000	0.107	1.301	0.434
40	0.000	0.128	1.161	0.434
256	0.000	0.135	1.116	0.434
207	0.000	0.14	1.087	0.434
124	0.000	0.127	1.167	0.434
93	0.000	0.132	1.134	0.434
125	0.000	0.14	1.087	0.434
58	0.000	0.113	1.257	0.434
153	0.000	0.128	1.161	0.434
29	0.000	0.135	1.116	0.434
224	0.000	0.155	1.011	0.434
243	0.000	0.144	1.070	0.434
32	0.000	0.152	1.027	0.434
26	0.000	0.147	1.052	0.434
66	0.000	0.147	1.052	0.434
178	0.000	0.106	1.307	0.434
68	0.000	0.119	1.217	0.434
55	0.000	0.12	1.207	0.434
54	0.000	0.143	1.071	0.434
20	0.000	0.135	1.116	0.434
19	0.000	0.12	1.209	0.434
174	0.000	0.152	1.027	0.434
31	0.104	0.114	1.247	0.434
51	0.000	0.153	1.020	0.434
190	0.187	0.171	0.938	0.468
81	0.000	0.169	0.945	0.468
165	0.000	0.215	0.767	0.578
77	0.000	0.215	0.767	0.578
168	0.000	0.241	0.688	0.64
253	0.200	0.275	0.596	0.723
111	0.165	0.283	0.577	0.736
22	0.158	0.293	0.553	0.755
102	0.163	0.3	0.538	0.765
138	0.181	0.31	0.516	0.783
113	0.247	0.316	0.503	0.791
133	0.196	0.329	0.476	0.817
143	0.199	0.333	0.468	0.82
105	0.206	0.353	0.431	0.86
209	0.215	0.357	0.425	0.86
3	0.248	0.403	0.350	0.955
172	0.248	0.403	0.350	0.955
183	0.889	0.958	0.001	1
177	100.000	0.118	1.222	1
245	0.000	0.949	0.002	1
184	96.110	0.668	0.092	1
180	0.482	0.639	0.110	1
246	0.412	0.582	0.152	1
242	0.366	0.602	0.136	1
179	0.505	0.66	0.097	1
244	0.420	0.586	0.148	1
208	0.000	0.952	0.002	1
248	9.819	0.0108	3.253	1
175	0.420	0.586	0.148	1
249	100.000	0.345	0.445	1
173	0.729	0.844	0.019	1
250	0.266	0.456	0.278	1
171	99.640	0.26	0.634	1
252	100.000	0.473	0.257	1
254	100.000	0.42	0.325	1
258	0.791	0.88	0.011	1
259	0.000	0.967	0.001	1
166	0.000	0.958	0.001	1
176	1.266	0.869	0.014	1
240	0.398	0.684	0.083	1
186	0.000	0.949	0.002	1
185	0.000	0.954	0.002	1
204	0.000	0.954	0.002	1
203	0.000	0.959	0.001	1
210	0.667	0.792	0.035	1
201	0.000	0.952	0.002	1
211	0.000	0.963	0.001	1
199	0.320	0.472	0.259	1
212	0.553	0.71	0.069	1
214	0.645	0.613	0.128	1
197	0.000	0.958	0.001	1
215	0.430	0.602	0.136	1
196	0.729	0.877	0.012	1
195	0.426	0.774	0.041	1
217	1.408	0.83	0.023	1
218	100.000	0.19	0.860	1
221	0.362	0.514	0.213	1
222	1.000	1	0.000	1
193	0.000	0.963	0.001	1
223	1.691	0.711	0.069	1
227	87.701	0.512	0.215	1
228	0.697	0.801	0.032	1
230	0.339	0.49	0.238	1
231	2.159	0.735	0.057	1
238	100.000	0.0874	1.461	1
189	0.000	0.952	0.002	1
188	0.465	0.717	0.066	1
187	100.000	0.4	0.354	1
205	0.000	0.947	0.002	1
239	100.000	0.18	0.898	1
213	26.384	0.0254	2.497	1
1	100.000	0.356	0.426	1
161	100.000	0.88	0.011	1
38	100.000	0.736	0.057	1
39	0.000	0.952	0.002	1
41	0.000	0.947	0.002	1
43	0.000	0.949	0.002	1
45	0.000	0.955	0.002	1
46	0.481	0.642	0.108	1
47	0.000	0.947	0.002	1
48	0.000	0.953	0.002	1
50	100.000	0.137	1.105	1
37	100.000	0.353	0.431	1
57	0.464	0.623	0.121	1
61	0.000	0.96	0.001	1
62	0.383	0.567	0.163	1
63	100.000	0.648	0.104	1
67	0.391	0.676	0.088	1
69	42.105	0.795	0.034	1
71	0.000	0.951	0.002	1
72	0.000	0.954	0.002	1
73	1.208	0.888	0.010	1
74	100.000	0.474	0.257	1
59	0.999	0.999	0.000	1
36	0.000	0.958	0.001	1
35	95.125	0.692	0.078	1
34	0.977	0.987	0.000	1
4	93.283	0.345	0.446	1
6	100.000	0.394	0.364	1
7	100.000	0.472	0.259	1
8	0.276	0.427	0.316	1
9	0.000	0.953	0.002	1
10	2.154	0.451	0.284	1
11	1.032	0.982	0.000	1
12	0.000	0.952	0.002	1
13	0.503	0.65	0.103	1
14	100.000	0.164	0.967	1
15	100.000	0.136	1.109	1
16	1.677	0.759	0.047	1
17	0.452	0.633	0.114	1
18	58.955	0.155	1.010	1
21	0.689	0.892	0.009	1
24	81.665	0.438	0.300	1
25	0.000	0.952	0.002	1
27	100.000	0.262	0.628	1
28	0.000	0.955	0.002	1
30	3.408	0.881	0.011	1
33	1.095	0.967	0.001	1
75	100.000	0.542	0.186	1
163	0.440	0.543	0.185	1
79	98.748	0.15	1.038	1
83	0.000	0.957	0.001	1
130	0.264	0.83	0.023	1
131	0.367	0.551	0.178	1
262	1.000	1	0.000	1
136	0.000	0.958	0.001	1
137	0.000	0.963	0.001	1
139	19.683	0.033	2.272	1
140	76.155	0.772	0.042	1
141	100.000	0.509	0.218	1
142	100.000	0.348	0.441	1
129	100.000	0.598	0.139	1
144	0.000	0.967	0.001	1
148	0.293	0.462	0.270	1
150	93.679	0.222	0.747	1
151	0.000	0.952	0.002	1
152	0.423	0.685	0.082	1
154	0.000	0.952	0.002	1
155	0.000	0.958	0.001	1
157	5.113	0.484	0.245	1
159	0.623	0.771	0.042	1
160	1.120	0.953	0.002	1
145	94.497	0.518	0.209	1
128	92.615	0.471	0.259	1
127	0.000	0.962	0.001	1
126	100.000	0.554	0.175	1
84	0.534	0.795	0.034	1
85	0.000	0.952	0.002	1
88	0.000	0.963	0.001	1
89	0.331	0.481	0.249	1
92	0.000	0.949	0.002	1
94	0.291	0.434	0.306	1
95	0.468	0.753	0.050	1
96	0.000	0.952	0.002	1
99	0.977	0.987	0.000	1
101	0.000	0.96	0.001	1
103	0.000	0.958	0.001	1
104	0.000	0.949	0.002	1
106	0.000	0.952	0.002	1
107	0.000	0.951	0.002	1
108	0.420	0.586	0.148	1
110	0.000	0.96	0.001	1
114	0.000	0.967	0.001	1
115	0.339	0.488	0.241	1
117	100.000	0.252	0.655	1
121	1.739	0.696	0.076	1
122	0.362	0.523	0.204	1
80	0.000	0.954	0.002	1
263	1.000	1	0.000	1