# Differential preferences fit to each site.
# Regularizing prior: ('invquadratic', 150.0, 0.5)
#
site	dpi_A	dpi_C	dpi_D	dpi_E	dpi_F	dpi_G	dpi_H	dpi_I	dpi_K	dpi_L	dpi_M	dpi_N	dpi_P	dpi_Q	dpi_R	dpi_S	dpi_T	dpi_V	dpi_W	dpi_Y	half_sum_abs_dpi
214	-0.0154	-0.0011	-0.0176	-0.0388	-0.0000	-0.0650	-0.0022	-0.0033	0.2104	-0.0088	-0.0001	-0.0022	-0.0088	-0.0138	-0.0157	-0.0108	-0.0083	-0.0099	0.0005	0.0108	0.2217
204	-0.0126	-0.0075	-0.0052	-0.0061	-0.0025	-0.0148	-0.0051	-0.0056	-0.0056	-0.0132	-0.0019	-0.0048	-0.0123	-0.0059	-0.0428	-0.0164	-0.0116	-0.0087	0.1860	-0.0035	0.1860
185	-0.0126	-0.0075	-0.0052	-0.0061	-0.0025	-0.0148	-0.0051	-0.0056	-0.0056	-0.0132	-0.0019	-0.0048	-0.0123	-0.0059	-0.0428	-0.0164	-0.0116	-0.0087	0.1860	-0.0035	0.1860
72	-0.0096	-0.0408	-0.0050	-0.0039	-0.0021	-0.0098	-0.0356	-0.0035	-0.0035	-0.0090	-0.0002	-0.0046	-0.0093	-0.0038	-0.0157	-0.0130	-0.0087	-0.0062	-0.0004	0.1848	0.1848
80	-0.0096	-0.0408	-0.0050	-0.0039	-0.0021	-0.0098	-0.0356	-0.0035	-0.0035	-0.0090	-0.0002	-0.0046	-0.0093	-0.0038	-0.0157	-0.0130	-0.0087	-0.0062	-0.0004	0.1848	0.1848
237	-0.0096	-0.0408	-0.0050	-0.0039	-0.0021	-0.0098	-0.0356	-0.0035	-0.0035	-0.0090	-0.0002	-0.0046	-0.0093	-0.0038	-0.0157	-0.0130	-0.0087	-0.0062	-0.0004	0.1848	0.1848
47	-0.0127	-0.0064	-0.0056	-0.0064	0.1804	-0.0129	-0.0055	-0.0076	-0.0060	-0.0207	-0.0025	-0.0052	-0.0124	-0.0063	-0.0196	-0.0193	-0.0117	-0.0107	-0.0026	-0.0061	0.1804
41	-0.0127	-0.0064	-0.0056	-0.0064	0.1804	-0.0129	-0.0055	-0.0076	-0.0060	-0.0207	-0.0025	-0.0052	-0.0124	-0.0063	-0.0196	-0.0193	-0.0117	-0.0107	-0.0026	-0.0061	0.1804
205	-0.0127	-0.0064	-0.0056	-0.0064	0.1804	-0.0129	-0.0055	-0.0076	-0.0060	-0.0207	-0.0025	-0.0052	-0.0124	-0.0063	-0.0196	-0.0193	-0.0117	-0.0107	-0.0026	-0.0061	0.1804
98	-0.0113	0.1611	-0.0047	-0.0054	-0.0036	-0.0136	-0.0045	-0.0051	-0.0050	-0.0108	-0.0017	-0.0043	-0.0110	-0.0053	-0.0267	-0.0171	-0.0105	-0.0078	-0.0042	-0.0085	0.1611
52	-0.0113	0.1610	-0.0046	-0.0054	-0.0036	-0.0136	-0.0045	-0.0050	-0.0050	-0.0108	-0.0016	-0.0043	-0.0111	-0.0053	-0.0267	-0.0171	-0.0105	-0.0078	-0.0041	-0.0086	0.1610
71	-0.0111	-0.0033	-0.0066	-0.0053	-0.0022	-0.0113	0.1594	-0.0049	-0.0049	-0.0118	-0.0017	-0.0062	-0.0143	-0.0100	-0.0263	-0.0126	-0.0102	-0.0076	-0.0018	-0.0071	0.1594
92	-0.0108	-0.0026	-0.0039	-0.0048	-0.0014	-0.0111	-0.0038	-0.0113	-0.0063	-0.0133	0.1504	-0.0036	-0.0106	-0.0046	-0.0205	-0.0125	-0.0147	-0.0115	-0.0010	-0.0023	0.1504
43	-0.0108	-0.0026	-0.0039	-0.0048	-0.0014	-0.0111	-0.0038	-0.0113	-0.0063	-0.0133	0.1504	-0.0036	-0.0106	-0.0046	-0.0205	-0.0125	-0.0147	-0.0115	-0.0010	-0.0023	0.1504
245	-0.0108	-0.0026	-0.0039	-0.0048	-0.0014	-0.0111	-0.0038	-0.0113	-0.0063	-0.0133	0.1504	-0.0036	-0.0106	-0.0046	-0.0205	-0.0125	-0.0147	-0.0115	-0.0010	-0.0023	0.1504
186	-0.0108	-0.0026	-0.0039	-0.0048	-0.0014	-0.0111	-0.0038	-0.0113	-0.0063	-0.0133	0.1504	-0.0036	-0.0106	-0.0046	-0.0205	-0.0125	-0.0147	-0.0115	-0.0010	-0.0023	0.1504
104	-0.0108	-0.0026	-0.0039	-0.0048	-0.0014	-0.0111	-0.0038	-0.0113	-0.0063	-0.0133	0.1504	-0.0036	-0.0106	-0.0046	-0.0205	-0.0125	-0.0147	-0.0115	-0.0010	-0.0023	0.1504
107	-0.0107	-0.0030	-0.0092	-0.0051	-0.0019	-0.0109	-0.0066	-0.0059	-0.0091	-0.0101	-0.0014	0.1488	-0.0105	-0.0049	-0.0169	-0.0173	-0.0119	-0.0073	-0.0015	-0.0044	0.1488
157	-0.0095	-0.0006	-0.0017	-0.0023	0.0002	-0.0073	-0.0016	-0.0071	-0.0042	-0.0092	-0.0550	-0.0022	-0.0085	-0.0022	-0.0153	-0.0099	0.1445	-0.0083	0.0006	-0.0004	0.1453
96	-0.0125	-0.0031	-0.0079	0.1446	-0.0020	-0.0158	-0.0042	-0.0047	-0.0099	-0.0100	-0.0015	-0.0040	-0.0103	-0.0073	-0.0166	-0.0121	-0.0097	-0.0086	-0.0017	-0.0028	0.1446
85	-0.0125	-0.0031	-0.0079	0.1446	-0.0020	-0.0158	-0.0042	-0.0047	-0.0099	-0.0100	-0.0015	-0.0040	-0.0103	-0.0073	-0.0166	-0.0121	-0.0097	-0.0086	-0.0017	-0.0028	0.1446
39	-0.0125	-0.0031	-0.0079	0.1446	-0.0020	-0.0158	-0.0042	-0.0047	-0.0099	-0.0100	-0.0015	-0.0040	-0.0103	-0.0073	-0.0166	-0.0121	-0.0097	-0.0086	-0.0017	-0.0028	0.1446
12	-0.0125	-0.0031	-0.0079	0.1446	-0.0020	-0.0158	-0.0042	-0.0047	-0.0099	-0.0100	-0.0015	-0.0040	-0.0103	-0.0073	-0.0166	-0.0121	-0.0097	-0.0086	-0.0017	-0.0028	0.1446
23	-0.0125	-0.0031	-0.0079	0.1446	-0.0020	-0.0158	-0.0042	-0.0047	-0.0099	-0.0100	-0.0015	-0.0040	-0.0103	-0.0073	-0.0166	-0.0121	-0.0097	-0.0086	-0.0017	-0.0028	0.1446
247	-0.0125	-0.0031	-0.0077	0.1444	-0.0020	-0.0158	-0.0042	-0.0047	-0.0099	-0.0100	-0.0015	-0.0040	-0.0103	-0.0073	-0.0166	-0.0121	-0.0097	-0.0086	-0.0017	-0.0028	0.1444
64	-0.0125	-0.0031	-0.0077	0.1444	-0.0020	-0.0158	-0.0042	-0.0047	-0.0099	-0.0100	-0.0015	-0.0040	-0.0103	-0.0073	-0.0166	-0.0121	-0.0097	-0.0086	-0.0017	-0.0028	0.1444
146	-0.0125	-0.0031	-0.0077	0.1444	-0.0020	-0.0158	-0.0042	-0.0047	-0.0099	-0.0100	-0.0015	-0.0040	-0.0103	-0.0073	-0.0166	-0.0121	-0.0097	-0.0086	-0.0017	-0.0028	0.1444
9	-0.0103	-0.0027	-0.0040	-0.0105	-0.0016	-0.0106	-0.0039	-0.0056	0.1440	-0.0098	-0.0011	-0.0073	-0.0101	-0.0070	-0.0252	-0.0119	-0.0116	-0.0070	-0.0013	-0.0025	0.1440
48	-0.0103	-0.0027	-0.0040	-0.0105	-0.0016	-0.0106	-0.0039	-0.0056	0.1440	-0.0098	-0.0011	-0.0073	-0.0101	-0.0070	-0.0252	-0.0119	-0.0116	-0.0070	-0.0013	-0.0025	0.1440
86	-0.0103	-0.0027	-0.0040	-0.0105	-0.0016	-0.0106	-0.0039	-0.0050	0.1439	-0.0098	-0.0017	-0.0072	-0.0101	-0.0070	-0.0252	-0.0119	-0.0116	-0.0070	-0.0013	-0.0025	0.1439
229	-0.0103	-0.0027	-0.0040	-0.0105	-0.0016	-0.0106	-0.0039	-0.0050	0.1439	-0.0098	-0.0017	-0.0072	-0.0101	-0.0070	-0.0252	-0.0119	-0.0116	-0.0070	-0.0013	-0.0025	0.1439
167	-0.0103	-0.0027	-0.0040	-0.0105	-0.0016	-0.0106	-0.0039	-0.0050	0.1439	-0.0098	-0.0017	-0.0072	-0.0101	-0.0070	-0.0252	-0.0119	-0.0116	-0.0070	-0.0013	-0.0025	0.1439
44	-0.0043	0.0023	0.0012	0.0006	0.0033	-0.0045	0.0013	0.0158	-0.0050	0.1080	-0.0610	0.0015	-0.0040	0.0007	-0.0199	-0.0055	-0.0193	-0.0187	0.0036	0.0038	0.1422
65	-0.0102	-0.0026	-0.0039	-0.0070	-0.0015	-0.0104	-0.0080	-0.0042	-0.0064	-0.0110	-0.0010	-0.0035	-0.0135	0.1399	-0.0253	-0.0117	-0.0093	-0.0068	-0.0012	-0.0024	0.1399
181	-0.0102	-0.0026	-0.0039	-0.0070	-0.0015	-0.0104	-0.0080	-0.0042	-0.0064	-0.0110	-0.0010	-0.0035	-0.0135	0.1399	-0.0253	-0.0117	-0.0093	-0.0068	-0.0012	-0.0024	0.1399
251	-0.0102	-0.0026	-0.0039	-0.0070	-0.0015	-0.0104	-0.0080	-0.0042	-0.0064	-0.0110	-0.0010	-0.0035	-0.0135	0.1399	-0.0253	-0.0117	-0.0093	-0.0068	-0.0012	-0.0024	0.1399
25	-0.0121	-0.0026	0.1390	-0.0093	-0.0015	-0.0153	-0.0062	-0.0042	-0.0042	-0.0096	-0.0010	-0.0082	-0.0099	-0.0045	-0.0162	-0.0117	-0.0093	-0.0081	-0.0012	-0.0041	0.1390
208	-0.0121	-0.0026	0.1390	-0.0093	-0.0015	-0.0153	-0.0062	-0.0042	-0.0042	-0.0096	-0.0010	-0.0082	-0.0099	-0.0045	-0.0162	-0.0117	-0.0093	-0.0081	-0.0012	-0.0041	0.1390
189	-0.0121	-0.0026	0.1390	-0.0093	-0.0015	-0.0153	-0.0062	-0.0042	-0.0042	-0.0096	-0.0010	-0.0082	-0.0099	-0.0045	-0.0162	-0.0117	-0.0093	-0.0081	-0.0012	-0.0041	0.1390
106	-0.0121	-0.0026	0.1390	-0.0093	-0.0015	-0.0153	-0.0062	-0.0042	-0.0042	-0.0096	-0.0010	-0.0082	-0.0099	-0.0045	-0.0162	-0.0117	-0.0093	-0.0081	-0.0012	-0.0041	0.1390
154	-0.0121	-0.0026	0.1390	-0.0092	-0.0015	-0.0153	-0.0062	-0.0042	-0.0042	-0.0096	-0.0010	-0.0082	-0.0099	-0.0045	-0.0162	-0.0117	-0.0093	-0.0081	-0.0012	-0.0041	0.1390
151	-0.0121	-0.0026	0.1390	-0.0092	-0.0015	-0.0153	-0.0062	-0.0042	-0.0042	-0.0096	-0.0010	-0.0082	-0.0099	-0.0045	-0.0162	-0.0117	-0.0093	-0.0081	-0.0012	-0.0041	0.1390
90	-0.0121	-0.0026	0.1387	-0.0090	-0.0015	-0.0153	-0.0062	-0.0042	-0.0042	-0.0096	-0.0010	-0.0082	-0.0099	-0.0045	-0.0162	-0.0117	-0.0093	-0.0081	-0.0011	-0.0041	0.1387
132	-0.0121	-0.0026	0.1387	-0.0090	-0.0015	-0.0153	-0.0062	-0.0042	-0.0042	-0.0096	-0.0010	-0.0082	-0.0099	-0.0045	-0.0162	-0.0117	-0.0093	-0.0081	-0.0011	-0.0041	0.1387
76	-0.0121	-0.0026	0.1387	-0.0090	-0.0015	-0.0153	-0.0062	-0.0042	-0.0042	-0.0096	-0.0010	-0.0082	-0.0099	-0.0045	-0.0162	-0.0117	-0.0093	-0.0081	-0.0011	-0.0041	0.1387
60	-0.0121	-0.0026	0.1387	-0.0090	-0.0015	-0.0153	-0.0062	-0.0042	-0.0042	-0.0096	-0.0010	-0.0082	-0.0099	-0.0045	-0.0162	-0.0117	-0.0093	-0.0081	-0.0011	-0.0041	0.1387
248	0.0384	0.0056	0.0044	0.0035	0.0069	-0.0612	0.0043	0.0039	0.0039	0.0339	0.0075	0.0047	-0.0255	0.0099	-0.0426	-0.0043	-0.0017	0.0011	0.0071	0.0001	0.1353
201	-0.0120	-0.0031	-0.0042	-0.0048	-0.0021	-0.0100	-0.0041	-0.0045	-0.0045	-0.0127	-0.0016	-0.0039	0.1308	-0.0072	-0.0186	-0.0149	-0.0112	-0.0068	-0.0018	-0.0028	0.1308
82	-0.0120	-0.0031	-0.0042	-0.0048	-0.0021	-0.0100	-0.0041	-0.0045	-0.0045	-0.0127	-0.0016	-0.0039	0.1308	-0.0072	-0.0186	-0.0149	-0.0112	-0.0068	-0.0018	-0.0028	0.1308
226	-0.0120	-0.0031	-0.0042	-0.0048	-0.0021	-0.0100	-0.0041	-0.0045	-0.0045	-0.0127	-0.0016	-0.0039	0.1308	-0.0072	-0.0186	-0.0149	-0.0112	-0.0068	-0.0018	-0.0028	0.1308
2	-0.0120	-0.0031	-0.0042	-0.0048	-0.0021	-0.0100	-0.0041	-0.0045	-0.0045	-0.0127	-0.0016	-0.0039	0.1308	-0.0072	-0.0186	-0.0149	-0.0112	-0.0068	-0.0018	-0.0028	0.1308
194	-0.0120	-0.0031	-0.0042	-0.0048	-0.0021	-0.0100	-0.0041	-0.0045	-0.0045	-0.0127	-0.0016	-0.0039	0.1308	-0.0072	-0.0186	-0.0149	-0.0112	-0.0068	-0.0018	-0.0028	0.1308
120	-0.0120	-0.0031	-0.0042	-0.0048	-0.0021	-0.0100	-0.0053	-0.0045	-0.0045	-0.0127	-0.0016	-0.0039	0.1308	-0.0060	-0.0186	-0.0149	-0.0112	-0.0068	-0.0018	-0.0028	0.1308
42	-0.0120	-0.0031	-0.0042	-0.0048	-0.0021	-0.0100	-0.0053	-0.0045	-0.0045	-0.0127	-0.0016	-0.0039	0.1308	-0.0060	-0.0186	-0.0149	-0.0112	-0.0068	-0.0018	-0.0028	0.1308
149	-0.0120	-0.0031	-0.0042	-0.0048	-0.0021	-0.0100	-0.0053	-0.0045	-0.0045	-0.0127	-0.0016	-0.0039	0.1308	-0.0060	-0.0186	-0.0149	-0.0112	-0.0068	-0.0018	-0.0028	0.1308
158	-0.0120	-0.0031	-0.0042	-0.0048	-0.0021	-0.0100	-0.0054	-0.0045	-0.0045	-0.0127	-0.0016	-0.0039	0.1308	-0.0059	-0.0186	-0.0149	-0.0112	-0.0068	-0.0018	-0.0028	0.1308
79	-0.0109	0.0005	-0.0178	-0.0412	0.0016	0.0205	-0.0033	-0.0010	0.1029	-0.0060	0.0020	-0.0057	-0.0063	-0.0049	-0.0124	-0.0080	-0.0059	-0.0064	0.0019	0.0002	0.1297
213	-0.0104	-0.0034	-0.0116	-0.0019	0.0011	-0.0440	-0.0009	-0.0014	-0.0013	-0.0061	0.0016	-0.0009	-0.0063	-0.0015	-0.0207	0.1180	-0.0059	-0.0062	0.0014	0.0003	0.1224
70	-0.0093	-0.0019	-0.0031	-0.0038	-0.0015	-0.0096	-0.0030	0.1224	-0.0045	-0.0114	-0.0029	-0.0037	-0.0091	-0.0037	-0.0168	-0.0118	-0.0136	-0.0106	-0.0004	-0.0016	0.1224
255	-0.0093	-0.0019	-0.0031	-0.0038	-0.0015	-0.0096	-0.0030	0.1224	-0.0045	-0.0114	-0.0029	-0.0037	-0.0091	-0.0037	-0.0168	-0.0118	-0.0136	-0.0106	-0.0004	-0.0016	0.1224
87	-0.0078	0.0000	-0.0039	-0.0020	0.0012	-0.0080	0.0651	-0.0016	-0.0016	-0.0089	0.0017	-0.0035	-0.0122	-0.0084	-0.0428	-0.0094	-0.0069	-0.0043	0.0016	0.0517	0.1213
233	-0.0093	-0.0018	-0.0031	-0.0038	-0.0022	-0.0095	-0.0030	0.1204	-0.0034	-0.0106	-0.0019	-0.0047	-0.0091	-0.0037	-0.0152	-0.0129	-0.0136	-0.0106	-0.0004	-0.0016	0.1204
236	-0.0093	-0.0018	-0.0031	-0.0038	-0.0022	-0.0095	-0.0030	0.1204	-0.0034	-0.0106	-0.0019	-0.0047	-0.0091	-0.0037	-0.0152	-0.0129	-0.0136	-0.0106	-0.0004	-0.0016	0.1204
260	-0.0093	-0.0018	-0.0031	-0.0038	-0.0022	-0.0095	-0.0030	0.1204	-0.0034	-0.0106	-0.0019	-0.0047	-0.0091	-0.0037	-0.0152	-0.0129	-0.0136	-0.0106	-0.0004	-0.0016	0.1204
206	-0.0093	-0.0018	-0.0031	-0.0038	-0.0022	-0.0095	-0.0030	0.1204	-0.0034	-0.0106	-0.0019	-0.0047	-0.0091	-0.0037	-0.0152	-0.0129	-0.0136	-0.0106	-0.0004	-0.0016	0.1204
220	-0.0093	-0.0018	-0.0031	-0.0038	-0.0022	-0.0095	-0.0030	0.1204	-0.0034	-0.0106	-0.0019	-0.0047	-0.0091	-0.0037	-0.0152	-0.0129	-0.0136	-0.0106	-0.0004	-0.0016	0.1204
111	-0.0085	-0.0010	-0.0087	-0.0030	0.0001	-0.0088	0.0502	-0.0042	-0.0084	-0.0080	0.0006	0.0602	-0.0083	-0.0029	-0.0145	-0.0165	-0.0103	-0.0052	0.0004	-0.0031	0.1115
133	-0.0084	-0.0010	-0.0056	-0.0030	0.0002	-0.0087	0.0580	-0.0033	-0.0052	-0.0088	0.0007	0.0512	-0.0105	-0.0060	-0.0199	-0.0130	-0.0088	-0.0051	0.0006	-0.0034	0.1107
249	-0.0083	-0.0009	0.0795	-0.0029	0.0002	-0.0086	-0.0059	-0.0043	-0.0095	-0.0078	0.0007	0.0286	-0.0081	-0.0027	-0.0142	-0.0175	-0.0105	-0.0051	0.0006	-0.0033	0.1095
138	-0.0108	-0.0009	0.0569	-0.0088	0.0002	-0.0148	0.0503	-0.0025	-0.0025	-0.0078	0.0007	-0.0081	-0.0081	-0.0028	-0.0142	-0.0099	-0.0075	-0.0067	0.0005	-0.0029	0.1085
139	-0.0056	0.0345	-0.0001	-0.0009	0.0019	-0.0113	0.0449	-0.0004	-0.0005	-0.0083	0.0025	-0.0000	-0.0289	-0.0011	-0.0423	0.0221	-0.0050	-0.0027	0.0019	-0.0006	0.1078
7	-0.0081	-0.0006	-0.0019	-0.0065	0.0005	-0.0084	-0.0046	-0.0031	0.0523	-0.0084	0.0010	-0.0040	-0.0101	0.0521	-0.0274	-0.0096	-0.0087	-0.0048	0.0008	-0.0004	0.1066
3	-0.0097	-0.0010	-0.0046	0.0529	0.0001	-0.0119	-0.0049	-0.0026	-0.0062	-0.0087	0.0006	-0.0020	-0.0104	0.0519	-0.0196	-0.0099	-0.0076	-0.0060	0.0004	-0.0008	0.1058
172	-0.0097	-0.0010	-0.0046	0.0529	0.0001	-0.0119	-0.0049	-0.0026	-0.0062	-0.0087	0.0006	-0.0020	-0.0104	0.0519	-0.0196	-0.0099	-0.0076	-0.0060	0.0004	-0.0008	0.1058
143	-0.0111	-0.0012	-0.0069	0.0615	-0.0001	-0.0152	-0.0023	-0.0028	0.0426	-0.0081	0.0004	-0.0021	-0.0084	-0.0062	-0.0145	-0.0101	-0.0078	-0.0070	0.0002	-0.0010	0.1047
78	-0.0133	-0.0014	-0.0036	-0.0044	-0.0012	-0.0108	-0.0025	-0.0052	-0.0029	-0.0106	-0.0016	-0.0022	-0.0083	-0.0032	-0.0141	-0.0099	-0.0077	0.1040	-0.0000	-0.0012	0.1040
235	-0.0133	-0.0014	-0.0036	-0.0044	-0.0012	-0.0108	-0.0025	-0.0052	-0.0029	-0.0106	-0.0016	-0.0022	-0.0083	-0.0032	-0.0141	-0.0099	-0.0077	0.1040	-0.0000	-0.0012	0.1040
19	-0.0133	-0.0014	-0.0026	-0.0055	-0.0004	-0.0108	-0.0025	-0.0049	-0.0029	-0.0113	-0.0018	-0.0022	-0.0083	-0.0032	-0.0141	-0.0099	-0.0077	0.1040	-0.0000	-0.0012	0.1040
55	-0.0133	-0.0014	-0.0026	-0.0055	-0.0004	-0.0108	-0.0025	-0.0051	-0.0029	-0.0113	-0.0017	-0.0022	-0.0083	-0.0032	-0.0141	-0.0099	-0.0077	0.1040	-0.0000	-0.0012	0.1040
234	-0.0133	-0.0014	-0.0026	-0.0055	-0.0004	-0.0108	-0.0025	-0.0051	-0.0029	-0.0113	-0.0017	-0.0022	-0.0083	-0.0032	-0.0141	-0.0099	-0.0077	0.1040	-0.0000	-0.0012	0.1040
261	-0.0097	-0.0010	-0.0045	0.0516	0.0001	-0.0117	-0.0022	-0.0026	0.0518	-0.0079	-0.0002	-0.0044	-0.0082	-0.0058	-0.0199	-0.0099	-0.0090	-0.0060	0.0004	-0.0008	0.1039
83	-0.0133	-0.0014	-0.0045	-0.0033	-0.0019	-0.0108	-0.0025	-0.0071	-0.0029	-0.0099	0.0001	-0.0022	-0.0082	-0.0031	-0.0140	-0.0099	-0.0077	0.1037	-0.0000	-0.0011	0.1039
134	-0.0133	-0.0014	-0.0035	-0.0044	-0.0011	-0.0108	-0.0025	-0.0070	-0.0029	-0.0106	0.0000	-0.0022	-0.0083	-0.0032	-0.0141	-0.0099	-0.0077	0.1038	-0.0000	-0.0011	0.1039
191	-0.0133	-0.0014	-0.0045	-0.0033	-0.0019	-0.0108	-0.0025	-0.0071	-0.0029	-0.0099	0.0001	-0.0022	-0.0082	-0.0031	-0.0140	-0.0099	-0.0077	0.1037	-0.0000	-0.0011	0.1038
49	-0.0133	-0.0014	-0.0036	-0.0043	-0.0011	-0.0108	-0.0025	-0.0070	-0.0029	-0.0106	0.0000	-0.0022	-0.0083	-0.0031	-0.0141	-0.0099	-0.0077	0.1038	-0.0000	-0.0011	0.1038
38	-0.0108	-0.0009	0.0483	0.0532	0.0002	-0.0149	-0.0036	-0.0025	-0.0060	-0.0077	0.0007	-0.0047	-0.0080	-0.0043	-0.0141	-0.0097	-0.0074	-0.0067	0.0005	-0.0017	0.1030
129	-0.0086	-0.0011	-0.0049	0.0401	0.0000	-0.0089	0.0051	-0.0034	0.0026	-0.0091	0.0004	0.0450	-0.0115	0.0088	-0.0250	-0.0127	-0.0093	-0.0053	0.0004	-0.0024	0.1023
227	-0.0094	-0.0007	0.0488	-0.0058	0.0004	-0.0115	-0.0048	-0.0031	-0.0051	-0.0076	0.0009	0.0514	-0.0079	-0.0026	-0.0140	-0.0127	-0.0086	-0.0057	0.0007	-0.0025	0.1022
184	-0.0100	-0.0011	0.0425	0.0050	-0.0000	-0.0123	0.0079	-0.0027	-0.0043	-0.0090	0.0005	-0.0045	-0.0109	0.0455	-0.0204	-0.0101	-0.0078	-0.0062	0.0003	-0.0024	0.1018
63	-0.0099	-0.0011	0.0420	0.0051	0.0000	-0.0120	0.0079	-0.0027	-0.0044	-0.0090	0.0005	-0.0043	-0.0111	0.0460	-0.0209	-0.0101	-0.0078	-0.0061	0.0003	-0.0023	0.1018
14	-0.0078	-0.0009	-0.0020	-0.0078	0.0001	-0.0080	-0.0130	-0.0024	0.0747	-0.0097	0.0006	-0.0018	-0.0180	-0.0078	0.0251	-0.0092	-0.0071	-0.0048	0.0004	-0.0007	0.1009
21	-0.0089	-0.0032	-0.0034	-0.0033	0.0058	-0.0091	-0.0040	-0.0020	0.0000	-0.0089	0.0390	0.0022	-0.0087	-0.0031	-0.0158	-0.0124	-0.0098	-0.0074	0.0004	0.0527	0.1001
10	-0.0104	-0.0021	0.0056	0.0095	-0.0010	-0.0169	0.0023	-0.0038	-0.0070	-0.0041	-0.0005	-0.0071	0.0429	0.0392	-0.0155	-0.0106	-0.0084	-0.0082	-0.0007	-0.0034	0.0995
135	-0.0132	-0.0013	-0.0024	-0.0031	-0.0003	-0.0084	-0.0024	-0.0060	-0.0028	-0.0077	0.0001	-0.0042	-0.0115	-0.0030	-0.0136	-0.0133	0.0993	-0.0051	0.0000	-0.0011	0.0994
155	-0.0132	-0.0013	-0.0024	-0.0031	-0.0003	-0.0084	-0.0024	-0.0060	-0.0028	-0.0077	0.0001	-0.0042	-0.0115	-0.0030	-0.0135	-0.0133	0.0993	-0.0051	0.0000	-0.0011	0.0994
103	-0.0132	-0.0013	-0.0024	-0.0031	-0.0003	-0.0084	-0.0024	-0.0060	-0.0028	-0.0077	0.0001	-0.0042	-0.0115	-0.0030	-0.0135	-0.0133	0.0993	-0.0051	0.0000	-0.0011	0.0994
170	-0.0132	-0.0013	-0.0024	-0.0031	-0.0003	-0.0084	-0.0024	-0.0060	-0.0028	-0.0077	0.0001	-0.0042	-0.0115	-0.0030	-0.0136	-0.0133	0.0993	-0.0051	0.0000	-0.0011	0.0994
124	-0.0132	-0.0013	-0.0024	-0.0031	-0.0003	-0.0084	-0.0024	-0.0060	-0.0028	-0.0077	0.0001	-0.0042	-0.0115	-0.0030	-0.0136	-0.0133	0.0993	-0.0051	0.0000	-0.0011	0.0994
156	-0.0132	-0.0013	-0.0024	-0.0031	-0.0003	-0.0084	-0.0023	-0.0044	-0.0039	-0.0077	-0.0012	-0.0031	-0.0115	-0.0030	-0.0152	-0.0121	0.0992	-0.0051	0.0000	-0.0011	0.0992
164	-0.0132	-0.0013	-0.0024	-0.0031	-0.0003	-0.0084	-0.0023	-0.0044	-0.0039	-0.0077	-0.0012	-0.0031	-0.0115	-0.0030	-0.0152	-0.0121	0.0992	-0.0051	0.0000	-0.0011	0.0992
116	-0.0132	-0.0013	-0.0024	-0.0031	-0.0003	-0.0084	-0.0023	-0.0044	-0.0039	-0.0077	-0.0012	-0.0031	-0.0115	-0.0030	-0.0152	-0.0121	0.0992	-0.0051	0.0000	-0.0011	0.0992
93	-0.0132	-0.0012	-0.0024	-0.0031	-0.0002	-0.0083	-0.0023	-0.0044	-0.0049	-0.0076	-0.0012	-0.0021	-0.0115	-0.0029	-0.0167	-0.0110	0.0989	-0.0051	0.0001	-0.0010	0.0990
126	-0.0082	-0.0038	-0.0021	-0.0028	0.0696	-0.0084	-0.0020	-0.0046	-0.0024	-0.0189	0.0007	-0.0018	-0.0080	-0.0027	-0.0139	0.0273	-0.0074	-0.0073	0.0005	-0.0036	0.0980
35	-0.0090	0.0037	-0.0030	-0.0037	0.0502	-0.0108	-0.0030	-0.0043	-0.0033	-0.0102	-0.0006	-0.0027	-0.0091	-0.0036	0.0287	-0.0151	-0.0082	-0.0071	0.0148	-0.0037	0.0974
145	-0.0078	-0.0006	-0.0082	-0.0025	0.0004	-0.0080	-0.0049	-0.0037	-0.0080	-0.0073	0.0009	0.0613	-0.0076	-0.0024	-0.0134	-0.0156	0.0339	-0.0046	0.0008	-0.0026	0.0973
36	-0.0078	-0.0060	-0.0027	-0.0033	-0.0007	-0.0102	-0.0093	-0.0030	-0.0029	-0.0088	-0.0003	-0.0024	-0.0114	-0.0032	0.0973	-0.0112	-0.0071	-0.0051	-0.0005	-0.0014	0.0973
197	-0.0078	-0.0060	-0.0027	-0.0033	-0.0007	-0.0102	-0.0093	-0.0030	-0.0029	-0.0088	-0.0003	-0.0024	-0.0114	-0.0032	0.0973	-0.0112	-0.0071	-0.0051	-0.0005	-0.0014	0.0973
166	-0.0078	-0.0060	-0.0027	-0.0033	-0.0007	-0.0102	-0.0093	-0.0030	-0.0029	-0.0088	-0.0003	-0.0024	-0.0114	-0.0032	0.0973	-0.0112	-0.0071	-0.0051	-0.0005	-0.0014	0.0973
136	-0.0078	-0.0060	-0.0027	-0.0033	-0.0007	-0.0102	-0.0093	-0.0030	-0.0029	-0.0088	-0.0003	-0.0024	-0.0114	-0.0032	0.0973	-0.0112	-0.0071	-0.0051	-0.0005	-0.0014	0.0973
40	-0.0078	-0.0059	-0.0027	-0.0033	-0.0007	-0.0102	-0.0092	-0.0030	-0.0029	-0.0088	-0.0003	-0.0024	-0.0114	-0.0033	0.0973	-0.0111	-0.0071	-0.0051	-0.0005	-0.0014	0.0973
153	-0.0078	-0.0059	-0.0027	-0.0033	-0.0007	-0.0102	-0.0092	-0.0030	-0.0029	-0.0088	-0.0003	-0.0024	-0.0114	-0.0033	0.0973	-0.0111	-0.0071	-0.0051	-0.0005	-0.0014	0.0973
232	-0.0078	-0.0059	-0.0027	-0.0033	-0.0007	-0.0102	-0.0091	-0.0030	-0.0029	-0.0088	-0.0003	-0.0024	-0.0114	-0.0033	0.0973	-0.0111	-0.0071	-0.0051	-0.0005	-0.0014	0.0973
58	-0.0079	-0.0039	-0.0027	-0.0033	-0.0008	-0.0103	-0.0059	-0.0030	-0.0030	-0.0089	-0.0003	-0.0024	-0.0115	-0.0061	0.0964	-0.0102	-0.0072	-0.0051	-0.0026	-0.0015	0.0964
128	-0.0082	-0.0040	-0.0040	-0.0032	-0.0004	-0.0097	0.0561	-0.0029	-0.0029	-0.0094	0.0000	-0.0037	-0.0123	-0.0066	0.0390	-0.0108	-0.0075	-0.0052	-0.0001	-0.0042	0.0952
68	-0.0079	-0.0039	-0.0027	-0.0033	-0.0008	-0.0103	-0.0060	-0.0030	-0.0030	-0.0089	-0.0003	-0.0024	-0.0115	-0.0061	0.0950	-0.0102	-0.0072	-0.0052	-0.0007	-0.0015	0.0950
187	-0.0114	-0.0008	-0.0043	0.0540	0.0003	-0.0120	-0.0019	-0.0024	-0.0058	-0.0093	-0.0013	-0.0016	-0.0078	-0.0042	-0.0138	-0.0094	-0.0073	0.0389	0.0006	-0.0005	0.0938
6	-0.0115	-0.0008	-0.0042	0.0534	0.0003	-0.0118	-0.0019	-0.0024	-0.0056	-0.0095	-0.0015	-0.0016	-0.0078	-0.0041	-0.0138	-0.0094	-0.0073	0.0393	0.0006	-0.0005	0.0936
117	-0.0115	-0.0008	-0.0033	-0.0028	0.0458	-0.0099	-0.0019	0.0403	-0.0023	-0.0102	-0.0003	-0.0030	-0.0081	-0.0026	-0.0142	-0.0112	-0.0108	0.0065	0.0007	-0.0005	0.0933
59	-0.0147	-0.0007	-0.0032	-0.0041	-0.0007	-0.0110	-0.0018	0.0741	-0.0022	-0.0109	-0.0014	-0.0015	-0.0077	-0.0025	-0.0137	-0.0094	-0.0072	0.0182	0.0008	-0.0004	0.0930
161	-0.0076	0.0000	-0.0012	-0.0020	0.0011	-0.0077	-0.0011	-0.0103	-0.0040	-0.0106	0.0566	-0.0009	-0.0072	-0.0018	-0.0169	-0.0089	-0.0124	0.0333	0.0015	0.0003	0.0927
209	-0.0081	-0.0013	-0.0025	-0.0111	-0.0003	-0.0084	-0.0024	-0.0036	0.0596	-0.0076	-0.0006	-0.0069	-0.0079	-0.0062	0.0331	-0.0095	-0.0101	-0.0051	-0.0000	-0.0011	0.0927
45	-0.0072	-0.0022	-0.0017	-0.0023	0.0005	-0.0125	-0.0016	-0.0033	-0.0020	-0.0068	0.0009	-0.0065	-0.0070	-0.0022	-0.0240	0.0905	-0.0087	-0.0043	0.0008	-0.0003	0.0926
28	-0.0072	-0.0022	-0.0017	-0.0023	0.0005	-0.0125	-0.0016	-0.0033	-0.0020	-0.0068	0.0009	-0.0065	-0.0070	-0.0022	-0.0240	0.0905	-0.0087	-0.0043	0.0008	-0.0003	0.0926
130	-0.0075	0.0000	-0.0012	-0.0020	0.0003	-0.0078	-0.0011	0.0424	-0.0029	-0.0101	0.0479	-0.0020	-0.0073	-0.0019	-0.0154	-0.0102	-0.0130	-0.0098	0.0015	0.0003	0.0923
142	-0.0119	-0.0014	-0.0025	-0.0032	-0.0003	-0.0084	-0.0024	-0.0028	-0.0041	-0.0099	-0.0016	-0.0022	0.0546	-0.0047	-0.0179	-0.0124	0.0374	-0.0052	-0.0001	-0.0011	0.0920
4	-0.0120	-0.0014	-0.0025	-0.0032	-0.0003	-0.0084	-0.0024	-0.0028	-0.0042	-0.0097	-0.0017	-0.0022	0.0541	-0.0046	-0.0179	-0.0123	0.0378	-0.0052	-0.0001	-0.0011	0.0919
74	-0.0081	-0.0013	-0.0025	-0.0063	-0.0003	-0.0084	-0.0085	-0.0028	-0.0056	-0.0093	0.0001	-0.0021	-0.0128	0.0587	0.0326	-0.0095	-0.0074	-0.0051	-0.0000	-0.0011	0.0914
113	-0.0069	0.0003	-0.0008	-0.0016	0.0501	-0.0071	-0.0023	-0.0023	-0.0012	0.0361	0.0012	-0.0005	-0.0289	-0.0028	-0.0165	-0.0084	-0.0061	-0.0060	0.0018	0.0018	0.0913
18	-0.0071	-0.0041	-0.0016	-0.0023	0.0005	-0.0111	-0.0072	-0.0019	-0.0019	-0.0090	0.0009	-0.0014	-0.0160	-0.0081	-0.0088	0.0894	-0.0064	-0.0042	0.0005	-0.0003	0.0913
141	-0.0104	-0.0009	-0.0066	0.0624	0.0002	0.0275	-0.0019	-0.0024	-0.0092	-0.0074	0.0006	-0.0017	-0.0077	-0.0057	-0.0136	-0.0093	-0.0072	-0.0065	0.0005	-0.0006	0.0912
215	-0.0079	-0.0040	-0.0023	-0.0030	-0.0003	-0.0108	-0.0065	-0.0027	-0.0027	-0.0092	0.0002	-0.0020	-0.0128	0.0450	0.0453	-0.0106	-0.0072	-0.0050	-0.0025	-0.0010	0.0905
203	-0.0096	-0.0025	-0.0068	-0.0027	0.0002	0.0888	-0.0019	-0.0023	-0.0023	-0.0071	0.0006	-0.0016	-0.0074	-0.0025	-0.0161	-0.0138	-0.0069	-0.0060	0.0005	-0.0006	0.0901
91	-0.0096	-0.0025	-0.0068	-0.0027	0.0002	0.0888	-0.0019	-0.0023	-0.0023	-0.0071	0.0006	-0.0016	-0.0074	-0.0025	-0.0161	-0.0138	-0.0069	-0.0060	0.0005	-0.0006	0.0901
29	-0.0096	-0.0025	-0.0068	-0.0027	0.0002	0.0888	-0.0019	-0.0023	-0.0023	-0.0071	0.0006	-0.0016	-0.0074	-0.0025	-0.0162	-0.0138	-0.0069	-0.0060	0.0005	-0.0006	0.0901
256	-0.0096	-0.0025	-0.0068	-0.0027	0.0002	0.0888	-0.0019	-0.0023	-0.0023	-0.0071	0.0006	-0.0016	-0.0074	-0.0025	-0.0162	-0.0138	-0.0069	-0.0060	0.0005	-0.0006	0.0901
20	-0.0096	-0.0025	-0.0068	-0.0027	0.0002	0.0888	-0.0019	-0.0023	-0.0023	-0.0071	0.0006	-0.0016	-0.0074	-0.0025	-0.0162	-0.0138	-0.0069	-0.0060	0.0005	-0.0006	0.0901
53	-0.0096	-0.0025	-0.0068	-0.0027	0.0002	0.0888	-0.0019	-0.0023	-0.0023	-0.0071	0.0006	-0.0016	-0.0074	-0.0025	-0.0162	-0.0138	-0.0069	-0.0060	0.0005	-0.0006	0.0901
75	-0.0083	-0.0011	-0.0056	-0.0047	-0.0000	-0.0086	0.0058	-0.0034	0.0026	-0.0086	0.0003	0.0099	-0.0105	0.0453	-0.0219	0.0254	-0.0091	-0.0051	0.0003	-0.0027	0.0896
242	-0.0099	-0.0014	-0.0025	-0.0049	-0.0003	-0.0086	-0.0056	-0.0028	-0.0044	-0.0111	0.0001	-0.0022	0.0178	0.0472	-0.0203	0.0245	-0.0091	-0.0053	-0.0001	-0.0011	0.0896
61	0.0881	-0.0008	-0.0040	-0.0026	0.0002	-0.0099	-0.0018	-0.0023	-0.0022	-0.0071	0.0007	-0.0016	-0.0109	-0.0025	-0.0129	-0.0104	-0.0119	-0.0079	0.0005	-0.0006	0.0895
110	0.0881	-0.0008	-0.0040	-0.0026	0.0002	-0.0099	-0.0018	-0.0023	-0.0022	-0.0071	0.0007	-0.0016	-0.0109	-0.0025	-0.0129	-0.0104	-0.0119	-0.0079	0.0005	-0.0006	0.0895
101	0.0881	-0.0008	-0.0040	-0.0026	0.0002	-0.0099	-0.0018	-0.0023	-0.0022	-0.0071	0.0007	-0.0016	-0.0109	-0.0025	-0.0129	-0.0104	-0.0119	-0.0079	0.0005	-0.0006	0.0895
207	0.0881	-0.0008	-0.0039	-0.0026	0.0002	-0.0099	-0.0018	-0.0023	-0.0022	-0.0071	0.0007	-0.0016	-0.0109	-0.0025	-0.0129	-0.0104	-0.0119	-0.0079	0.0005	-0.0006	0.0895
125	0.0881	-0.0008	-0.0039	-0.0026	0.0002	-0.0099	-0.0018	-0.0023	-0.0022	-0.0071	0.0007	-0.0016	-0.0109	-0.0025	-0.0129	-0.0104	-0.0119	-0.0079	0.0005	-0.0006	0.0895
100	0.0881	-0.0008	-0.0039	-0.0026	0.0002	-0.0099	-0.0018	-0.0023	-0.0022	-0.0071	0.0007	-0.0016	-0.0109	-0.0025	-0.0129	-0.0104	-0.0119	-0.0079	0.0005	-0.0006	0.0895
109	0.0881	-0.0008	-0.0037	-0.0029	0.0002	-0.0099	-0.0018	-0.0023	-0.0022	-0.0071	0.0007	-0.0016	-0.0109	-0.0025	-0.0129	-0.0104	-0.0119	-0.0079	0.0005	-0.0006	0.0895
162	0.0881	-0.0008	-0.0029	-0.0037	0.0002	-0.0099	-0.0018	-0.0023	-0.0022	-0.0071	0.0007	-0.0016	-0.0109	-0.0025	-0.0129	-0.0104	-0.0119	-0.0079	0.0005	-0.0006	0.0895
257	0.0881	-0.0008	-0.0030	-0.0037	0.0002	-0.0099	-0.0018	-0.0023	-0.0022	-0.0071	0.0007	-0.0016	-0.0109	-0.0025	-0.0129	-0.0104	-0.0119	-0.0079	0.0005	-0.0006	0.0895
202	0.0881	-0.0008	-0.0030	-0.0037	0.0002	-0.0099	-0.0018	-0.0023	-0.0022	-0.0071	0.0007	-0.0016	-0.0109	-0.0025	-0.0129	-0.0104	-0.0119	-0.0079	0.0005	-0.0006	0.0895
147	0.0881	-0.0008	-0.0030	-0.0037	0.0002	-0.0099	-0.0018	-0.0023	-0.0022	-0.0071	0.0007	-0.0016	-0.0109	-0.0025	-0.0129	-0.0104	-0.0119	-0.0079	0.0005	-0.0006	0.0895
192	0.0881	-0.0008	-0.0029	-0.0038	0.0002	-0.0099	-0.0018	-0.0023	-0.0022	-0.0071	0.0007	-0.0016	-0.0109	-0.0025	-0.0129	-0.0104	-0.0119	-0.0079	0.0005	-0.0006	0.0895
243	0.0880	-0.0008	-0.0019	-0.0049	0.0002	-0.0099	-0.0018	-0.0022	-0.0022	-0.0071	0.0007	-0.0016	-0.0109	-0.0025	-0.0129	-0.0104	-0.0119	-0.0079	0.0005	-0.0006	0.0894
54	0.0880	-0.0008	-0.0019	-0.0049	0.0002	-0.0099	-0.0018	-0.0022	-0.0022	-0.0071	0.0007	-0.0016	-0.0109	-0.0025	-0.0129	-0.0104	-0.0119	-0.0079	0.0005	-0.0006	0.0894
219	-0.0095	-0.0016	-0.0044	-0.0050	0.0003	0.0882	-0.0017	-0.0022	-0.0021	-0.0070	0.0008	-0.0015	-0.0073	-0.0024	-0.0198	-0.0114	-0.0067	-0.0059	-0.0002	-0.0005	0.0893
225	-0.0095	-0.0015	-0.0041	-0.0053	0.0003	0.0881	-0.0017	-0.0021	-0.0021	-0.0070	0.0008	-0.0015	-0.0073	-0.0024	-0.0204	-0.0111	-0.0067	-0.0059	-0.0003	-0.0004	0.0892
119	-0.0095	-0.0015	-0.0041	-0.0054	0.0003	0.0874	-0.0017	-0.0021	-0.0021	-0.0070	0.0008	-0.0015	-0.0073	-0.0024	-0.0204	-0.0111	-0.0067	-0.0059	0.0006	-0.0004	0.0891
118	-0.0095	-0.0015	-0.0041	-0.0054	0.0003	0.0874	-0.0017	-0.0021	-0.0021	-0.0070	0.0008	-0.0015	-0.0073	-0.0024	-0.0204	-0.0111	-0.0067	-0.0059	0.0006	-0.0004	0.0891
216	-0.0095	-0.0015	-0.0041	-0.0053	0.0003	0.0880	-0.0017	-0.0021	-0.0021	-0.0070	0.0008	-0.0015	-0.0073	-0.0024	-0.0204	-0.0111	-0.0067	-0.0059	-0.0001	-0.0004	0.0891
180	-0.0081	-0.0014	-0.0025	-0.0049	-0.0004	-0.0096	-0.0054	-0.0028	-0.0043	-0.0094	0.0000	-0.0022	-0.0123	0.0507	0.0381	-0.0095	-0.0074	-0.0052	-0.0022	-0.0012	0.0889
179	-0.0081	-0.0014	-0.0025	-0.0048	-0.0004	-0.0097	-0.0051	-0.0028	-0.0042	-0.0094	0.0000	-0.0022	-0.0123	0.0502	0.0385	-0.0095	-0.0074	-0.0052	-0.0024	-0.0012	0.0887
37	0.0332	-0.0013	-0.0036	-0.0031	-0.0003	-0.0095	-0.0040	-0.0028	-0.0027	-0.0097	0.0002	-0.0021	0.0550	-0.0030	-0.0156	-0.0122	-0.0108	-0.0069	0.0001	-0.0011	0.0884
230	0.0331	-0.0013	-0.0027	-0.0041	-0.0003	-0.0095	-0.0036	-0.0027	-0.0027	-0.0097	0.0002	-0.0021	0.0550	-0.0033	-0.0156	-0.0122	-0.0108	-0.0069	0.0001	-0.0010	0.0884
250	-0.0083	-0.0015	-0.0027	-0.0048	-0.0005	-0.0115	-0.0046	-0.0036	-0.0007	-0.0087	-0.0002	-0.0027	-0.0103	0.0489	0.0392	-0.0115	-0.0089	-0.0053	-0.0009	-0.0013	0.0881
211	-0.0093	-0.0004	-0.0015	-0.0079	0.0006	0.0854	-0.0014	-0.0019	-0.0018	-0.0068	0.0011	-0.0012	-0.0070	-0.0021	-0.0259	-0.0086	-0.0065	-0.0056	0.0009	-0.0002	0.0881
193	-0.0093	-0.0004	-0.0015	-0.0079	0.0006	0.0854	-0.0014	-0.0019	-0.0018	-0.0068	0.0011	-0.0012	-0.0070	-0.0021	-0.0259	-0.0086	-0.0065	-0.0056	0.0009	-0.0002	0.0881
254	-0.0101	-0.0006	-0.0042	0.0534	0.0004	0.0330	-0.0017	-0.0022	-0.0057	-0.0072	0.0009	-0.0015	-0.0075	-0.0041	-0.0199	-0.0092	-0.0070	-0.0062	-0.0003	-0.0004	0.0878
122	-0.0101	-0.0007	-0.0041	0.0533	0.0004	0.0328	-0.0017	-0.0022	-0.0057	-0.0073	0.0009	-0.0015	-0.0075	-0.0041	-0.0200	-0.0092	-0.0070	-0.0063	0.0004	-0.0004	0.0878
246	0.0345	-0.0004	0.0501	-0.0051	0.0006	-0.0113	-0.0032	-0.0020	-0.0019	-0.0070	0.0011	-0.0044	-0.0093	-0.0022	-0.0131	-0.0098	-0.0095	-0.0067	0.0010	-0.0013	0.0873
88	-0.0071	-0.0003	-0.0014	-0.0021	-0.0031	-0.0073	-0.0038	-0.0036	-0.0017	0.0849	0.0012	-0.0011	-0.0168	-0.0020	-0.0156	-0.0085	-0.0064	-0.0061	0.0010	-0.0001	0.0871
137	-0.0071	-0.0003	-0.0014	-0.0021	-0.0031	-0.0073	-0.0038	-0.0036	-0.0017	0.0849	0.0012	-0.0011	-0.0168	-0.0020	-0.0156	-0.0085	-0.0064	-0.0061	0.0010	-0.0001	0.0871
150	-0.0095	-0.0022	0.0005	-0.0040	-0.0001	0.0295	0.0465	-0.0037	-0.0054	-0.0078	0.0004	0.0099	-0.0082	-0.0031	-0.0173	-0.0080	-0.0091	-0.0060	0.0002	-0.0024	0.0869
152	0.0336	-0.0008	-0.0001	0.0515	0.0003	-0.0115	-0.0020	-0.0023	-0.0049	-0.0074	0.0007	-0.0020	-0.0099	-0.0038	-0.0135	-0.0103	-0.0103	-0.0072	0.0006	-0.0007	0.0867
102	-0.0075	-0.0003	-0.0015	-0.0022	-0.0001	-0.0078	-0.0014	0.0527	-0.0031	-0.0101	-0.0020	-0.0023	-0.0073	-0.0021	-0.0151	-0.0102	-0.0130	0.0321	0.0011	-0.0001	0.0860
22	-0.0075	-0.0003	-0.0015	-0.0022	-0.0002	-0.0078	-0.0014	0.0526	-0.0030	-0.0100	-0.0019	-0.0024	-0.0073	-0.0021	-0.0149	-0.0103	-0.0129	0.0322	0.0011	-0.0001	0.0859
30	-0.0083	-0.0031	-0.0029	-0.0057	-0.0005	-0.0105	-0.0025	-0.0031	0.0478	-0.0087	-0.0007	-0.0026	-0.0103	-0.0001	0.0381	-0.0100	-0.0089	-0.0053	-0.0011	-0.0015	0.0858
69	-0.0083	-0.0033	-0.0028	-0.0054	-0.0005	-0.0106	-0.0027	-0.0031	0.0473	-0.0087	-0.0007	-0.0025	-0.0105	0.0000	0.0385	-0.0101	-0.0088	-0.0053	-0.0011	-0.0015	0.0858
178	-0.0093	-0.0018	-0.0016	-0.0023	-0.0015	-0.0074	-0.0015	-0.0020	-0.0019	-0.0083	0.0009	-0.0013	-0.0173	-0.0022	-0.0124	0.0848	-0.0086	-0.0043	-0.0005	-0.0016	0.0857
67	-0.0103	-0.0016	-0.0010	0.0509	0.0003	0.0336	-0.0021	-0.0023	-0.0047	-0.0074	0.0008	-0.0020	-0.0076	-0.0037	-0.0175	-0.0115	-0.0071	-0.0064	0.0002	-0.0007	0.0857
198	-0.0093	-0.0017	-0.0016	-0.0023	-0.0014	-0.0074	-0.0015	-0.0020	-0.0019	-0.0084	0.0009	-0.0013	-0.0174	-0.0022	-0.0124	0.0848	-0.0086	-0.0043	-0.0006	-0.0015	0.0857
51	-0.0071	-0.0003	-0.0014	-0.0021	-0.0011	-0.0074	-0.0026	-0.0035	-0.0017	0.0832	0.0011	-0.0011	-0.0169	-0.0032	-0.0157	-0.0085	-0.0064	-0.0062	0.0010	-0.0001	0.0854
127	-0.0075	-0.0007	-0.0018	-0.0025	-0.0037	-0.0077	-0.0017	-0.0022	-0.0021	0.0851	-0.0009	-0.0015	-0.0074	-0.0024	-0.0128	-0.0140	-0.0068	-0.0065	-0.0021	-0.0005	0.0851
32	-0.0072	-0.0003	-0.0014	-0.0021	-0.0013	-0.0074	-0.0027	-0.0028	-0.0017	0.0834	0.0004	-0.0011	-0.0169	-0.0031	-0.0157	-0.0085	-0.0064	-0.0062	0.0010	-0.0001	0.0849
200	-0.0072	-0.0003	-0.0014	-0.0021	-0.0013	-0.0074	-0.0027	-0.0028	-0.0017	0.0834	0.0004	-0.0011	-0.0169	-0.0031	-0.0157	-0.0085	-0.0064	-0.0062	0.0010	-0.0001	0.0849
174	-0.0072	-0.0003	-0.0014	-0.0021	-0.0013	-0.0074	-0.0027	-0.0028	-0.0017	0.0834	0.0004	-0.0011	-0.0169	-0.0031	-0.0157	-0.0085	-0.0064	-0.0062	0.0010	-0.0001	0.0849
66	-0.0072	-0.0003	-0.0014	-0.0021	-0.0013	-0.0074	-0.0027	-0.0028	-0.0017	0.0834	0.0004	-0.0011	-0.0169	-0.0031	-0.0157	-0.0085	-0.0064	-0.0062	0.0010	-0.0001	0.0849
26	-0.0072	-0.0003	-0.0014	-0.0021	-0.0013	-0.0074	-0.0027	-0.0028	-0.0017	0.0834	0.0004	-0.0011	-0.0169	-0.0031	-0.0157	-0.0085	-0.0064	-0.0062	0.0010	-0.0001	0.0849
5	-0.0072	-0.0003	-0.0014	-0.0021	-0.0011	-0.0074	-0.0026	-0.0027	-0.0017	0.0833	0.0004	-0.0011	-0.0169	-0.0032	-0.0157	-0.0085	-0.0064	-0.0062	0.0010	-0.0001	0.0847
224	-0.0072	-0.0003	-0.0014	-0.0021	-0.0011	-0.0074	-0.0026	-0.0027	-0.0017	0.0833	0.0004	-0.0011	-0.0169	-0.0032	-0.0157	-0.0085	-0.0064	-0.0062	0.0010	-0.0001	0.0847
62	-0.0097	-0.0011	0.0421	-0.0055	0.0009	0.0400	-0.0013	-0.0017	-0.0017	-0.0068	0.0014	-0.0010	-0.0071	-0.0019	-0.0229	-0.0114	-0.0065	-0.0058	0.0001	0.0001	0.0845
131	-0.0097	-0.0011	0.0421	-0.0055	0.0009	0.0400	-0.0013	-0.0017	-0.0017	-0.0068	0.0014	-0.0010	-0.0071	-0.0019	-0.0229	-0.0114	-0.0065	-0.0058	0.0001	0.0001	0.0845
1	-0.0084	-0.0026	-0.0043	-0.0032	-0.0003	-0.0110	0.0504	-0.0037	-0.0037	-0.0088	0.0001	0.0045	-0.0104	-0.0057	-0.0047	0.0293	-0.0089	-0.0053	-0.0000	-0.0032	0.0844
81	-0.0094	-0.0006	-0.0017	-0.0023	0.0004	-0.0074	-0.0016	-0.0020	-0.0020	-0.0100	0.0009	-0.0013	-0.0176	-0.0022	-0.0125	0.0831	-0.0086	-0.0043	-0.0006	-0.0004	0.0843
252	-0.0076	-0.0005	-0.0017	-0.0024	-0.0013	-0.0079	-0.0016	0.0513	-0.0020	-0.0094	-0.0011	-0.0038	-0.0074	-0.0023	-0.0132	-0.0116	0.0322	-0.0102	0.0008	-0.0003	0.0843
188	0.0342	-0.0006	0.0468	0.0008	0.0005	-0.0111	-0.0028	-0.0021	-0.0025	-0.0072	0.0010	-0.0036	-0.0099	-0.0025	-0.0133	-0.0101	-0.0103	-0.0070	0.0008	-0.0011	0.0841
168	-0.0072	-0.0003	-0.0014	-0.0021	0.0006	-0.0074	-0.0014	-0.0027	-0.0017	0.0817	0.0004	-0.0011	-0.0170	-0.0044	-0.0157	-0.0086	-0.0064	-0.0062	0.0010	-0.0001	0.0837
94	-0.0134	-0.0004	-0.0027	-0.0037	-0.0002	-0.0102	-0.0014	0.0349	-0.0019	-0.0102	0.0010	-0.0012	-0.0073	-0.0021	-0.0132	-0.0090	-0.0068	0.0468	0.0010	-0.0001	0.0837
77	-0.0074	-0.0006	-0.0017	-0.0024	-0.0016	-0.0076	-0.0016	-0.0021	-0.0020	0.0836	-0.0007	-0.0014	-0.0112	-0.0034	-0.0142	-0.0114	-0.0067	-0.0064	-0.0007	-0.0004	0.0836
165	-0.0074	-0.0006	-0.0017	-0.0024	-0.0016	-0.0076	-0.0016	-0.0021	-0.0020	0.0836	-0.0007	-0.0014	-0.0112	-0.0034	-0.0142	-0.0114	-0.0067	-0.0064	-0.0007	-0.0004	0.0836
8	-0.0105	-0.0003	-0.0018	-0.0033	-0.0001	-0.0090	-0.0014	0.0429	-0.0022	-0.0101	0.0001	-0.0021	-0.0073	-0.0021	-0.0136	-0.0099	-0.0097	0.0395	0.0011	-0.0001	0.0836
221	-0.0103	-0.0004	-0.0027	-0.0023	-0.0010	-0.0089	-0.0014	0.0434	-0.0019	-0.0093	0.0002	-0.0025	-0.0073	-0.0021	-0.0132	-0.0103	-0.0100	0.0390	0.0010	-0.0001	0.0836
24	-0.0072	0.0002	-0.0010	-0.0018	0.0011	-0.0074	-0.0009	-0.0056	-0.0026	0.0331	0.0472	-0.0007	-0.0119	-0.0030	-0.0165	-0.0087	-0.0092	-0.0071	0.0015	0.0004	0.0836
159	0.0134	-0.0004	-0.0029	-0.0039	0.0006	-0.0105	-0.0015	-0.0019	-0.0019	-0.0070	0.0011	-0.0012	-0.0126	-0.0022	-0.0130	-0.0108	-0.0136	0.0673	0.0010	-0.0002	0.0834
259	-0.0072	-0.0003	-0.0014	-0.0021	0.0007	-0.0074	-0.0014	-0.0018	-0.0018	0.0817	-0.0005	-0.0011	-0.0170	-0.0044	-0.0157	-0.0086	-0.0064	-0.0062	0.0010	-0.0001	0.0834
144	-0.0072	-0.0003	-0.0014	-0.0021	0.0007	-0.0074	-0.0014	-0.0018	-0.0018	0.0817	-0.0005	-0.0011	-0.0170	-0.0044	-0.0157	-0.0086	-0.0064	-0.0062	0.0010	-0.0001	0.0834
114	-0.0072	-0.0003	-0.0014	-0.0021	0.0007	-0.0074	-0.0014	-0.0018	-0.0018	0.0817	-0.0005	-0.0011	-0.0170	-0.0044	-0.0157	-0.0086	-0.0064	-0.0062	0.0010	-0.0001	0.0834
123	-0.0074	-0.0006	-0.0017	-0.0024	-0.0015	-0.0076	-0.0017	-0.0030	-0.0020	0.0833	0.0001	-0.0014	-0.0116	-0.0034	-0.0144	-0.0112	-0.0067	-0.0064	-0.0002	-0.0003	0.0834
31	-0.0108	-0.0004	-0.0016	-0.0023	-0.0001	-0.0077	-0.0015	0.0420	-0.0030	-0.0082	0.0016	-0.0026	-0.0097	-0.0022	-0.0147	-0.0114	0.0387	-0.0070	0.0010	-0.0002	0.0833
56	-0.0074	-0.0006	-0.0017	-0.0024	-0.0015	-0.0076	-0.0016	-0.0030	-0.0020	0.0828	0.0001	-0.0014	-0.0112	-0.0034	-0.0143	-0.0114	-0.0067	-0.0064	0.0004	-0.0004	0.0833
182	-0.0074	-0.0006	-0.0017	-0.0024	-0.0015	-0.0076	-0.0016	-0.0030	-0.0020	0.0828	0.0001	-0.0014	-0.0112	-0.0034	-0.0143	-0.0114	-0.0067	-0.0064	0.0004	-0.0004	0.0833
169	-0.0074	-0.0006	-0.0017	-0.0024	-0.0015	-0.0076	-0.0016	-0.0030	-0.0020	0.0828	0.0001	-0.0014	-0.0112	-0.0034	-0.0143	-0.0114	-0.0067	-0.0064	0.0004	-0.0004	0.0833
112	-0.0074	-0.0006	-0.0017	-0.0024	-0.0015	-0.0076	-0.0016	-0.0030	-0.0020	0.0828	0.0001	-0.0014	-0.0112	-0.0034	-0.0143	-0.0114	-0.0067	-0.0064	0.0004	-0.0004	0.0833
218	-0.0078	0.0419	-0.0021	-0.0028	0.0000	-0.0112	-0.0135	-0.0025	-0.0024	-0.0094	0.0005	-0.0018	-0.0143	-0.0027	0.0146	0.0258	-0.0071	-0.0048	0.0003	-0.0008	0.0832
97	-0.0074	-0.0006	-0.0017	-0.0024	0.0003	-0.0076	-0.0025	-0.0037	-0.0020	0.0813	0.0008	-0.0014	-0.0123	-0.0028	-0.0146	-0.0109	-0.0066	-0.0064	0.0007	-0.0004	0.0832
15	-0.0082	-0.0013	-0.0025	-0.0031	-0.0032	-0.0084	-0.0024	-0.0028	-0.0028	0.0066	-0.0020	-0.0021	0.0454	-0.0046	-0.0158	-0.0132	-0.0074	0.0309	-0.0020	-0.0011	0.0830
33	-0.0047	-0.0012	-0.0023	0.0468	-0.0001	-0.0111	-0.0025	-0.0039	0.0018	-0.0078	-0.0000	-0.0012	-0.0102	-0.0042	-0.0146	-0.0117	0.0341	-0.0063	0.0002	-0.0011	0.0828
27	0.0301	-0.0008	0.0037	-0.0036	0.0002	-0.0097	-0.0036	-0.0034	-0.0046	-0.0074	0.0007	0.0469	-0.0096	-0.0026	-0.0136	-0.0129	-0.0024	-0.0063	0.0006	-0.0017	0.0823
240	-0.0100	-0.0009	0.0468	-0.0001	0.0006	0.0336	-0.0027	-0.0020	-0.0024	-0.0071	0.0011	-0.0035	-0.0074	-0.0025	-0.0195	-0.0101	-0.0068	-0.0061	0.0000	-0.0011	0.0821
140	-0.0082	-0.0082	-0.0025	-0.0032	-0.0004	-0.0115	-0.0024	-0.0029	-0.0028	0.0257	0.0000	-0.0022	-0.0080	-0.0032	0.0279	-0.0127	-0.0074	-0.0052	0.0283	-0.0012	0.0820
105	-0.0067	-0.0018	-0.0010	-0.0016	0.0012	-0.0129	-0.0009	-0.0029	-0.0013	-0.0062	0.0017	-0.0068	-0.0065	-0.0015	-0.0277	0.0419	0.0347	-0.0036	0.0015	0.0004	0.0813
163	0.0307	-0.0007	-0.0019	-0.0039	0.0004	-0.0092	-0.0018	-0.0040	-0.0038	-0.0073	0.0004	0.0427	-0.0121	-0.0025	-0.0157	-0.0112	0.0064	-0.0066	0.0007	-0.0005	0.0812
121	-0.0019	-0.0010	-0.0029	0.0036	0.0001	-0.0105	-0.0021	-0.0030	0.0464	-0.0078	-0.0002	-0.0037	-0.0102	-0.0045	-0.0172	-0.0107	-0.0046	0.0307	0.0004	-0.0008	0.0811
13	-0.0090	-0.0017	0.0440	-0.0049	0.0004	-0.0054	-0.0035	-0.0030	-0.0030	-0.0072	0.0008	0.0047	-0.0075	-0.0024	-0.0180	0.0305	-0.0083	-0.0055	0.0007	-0.0016	0.0811
228	-0.0092	-0.0019	0.0029	-0.0035	0.0002	0.0305	-0.0035	-0.0031	-0.0044	-0.0074	0.0007	0.0461	-0.0077	-0.0026	-0.0166	-0.0055	-0.0084	-0.0057	0.0006	-0.0017	0.0811
148	-0.0072	-0.0000	-0.0012	-0.0019	-0.0005	-0.0074	-0.0021	0.0451	-0.0025	0.0332	-0.0004	-0.0011	-0.0119	-0.0021	-0.0160	-0.0089	-0.0094	-0.0073	0.0014	0.0002	0.0799
183	-0.0072	-0.0000	-0.0012	-0.0019	0.0009	-0.0074	-0.0011	0.0432	-0.0027	0.0324	0.0017	-0.0009	-0.0124	-0.0032	-0.0165	-0.0088	-0.0092	-0.0071	0.0013	0.0002	0.0797
196	-0.0072	-0.0000	-0.0012	-0.0019	0.0003	-0.0074	-0.0016	0.0420	-0.0017	0.0331	0.0025	-0.0017	-0.0130	-0.0029	-0.0151	-0.0095	-0.0090	-0.0070	0.0013	0.0002	0.0794
231	-0.0018	-0.0020	-0.0014	0.0472	-0.0014	-0.0107	-0.0024	-0.0026	-0.0042	-0.0079	0.0004	-0.0022	-0.0099	-0.0036	-0.0138	0.0301	-0.0093	-0.0063	0.0003	0.0013	0.0794
190	-0.0083	-0.0014	-0.0025	-0.0062	-0.0003	0.0252	-0.0028	-0.0039	0.0459	-0.0086	0.0001	-0.0042	-0.0105	-0.0019	0.0065	-0.0107	-0.0092	-0.0052	-0.0008	-0.0011	0.0777
244	-0.0101	-0.0013	-0.0015	-0.0021	0.0007	-0.0103	-0.0014	-0.0041	-0.0019	-0.0067	0.0011	-0.0044	-0.0091	-0.0020	-0.0180	0.0348	0.0397	-0.0042	0.0010	-0.0001	0.0773
175	-0.0101	-0.0013	-0.0015	-0.0021	0.0007	-0.0103	-0.0014	-0.0041	-0.0019	-0.0067	0.0011	-0.0044	-0.0091	-0.0020	-0.0180	0.0348	0.0397	-0.0042	0.0010	-0.0001	0.0773
108	-0.0101	-0.0013	-0.0015	-0.0021	0.0007	-0.0103	-0.0014	-0.0041	-0.0019	-0.0067	0.0011	-0.0044	-0.0091	-0.0020	-0.0180	0.0348	0.0397	-0.0042	0.0010	-0.0001	0.0773
171	-0.0089	-0.0026	0.0386	-0.0024	0.0005	0.0037	-0.0016	-0.0028	-0.0020	-0.0070	0.0010	-0.0044	-0.0073	-0.0022	-0.0221	0.0323	-0.0081	-0.0054	0.0009	-0.0003	0.0771
253	0.0406	-0.0002	-0.0037	-0.0021	0.0008	-0.0098	-0.0013	-0.0017	-0.0017	-0.0067	0.0013	-0.0010	-0.0113	-0.0019	-0.0126	-0.0103	-0.0124	0.0330	0.0011	0.0000	0.0768
195	-0.0071	-0.0001	-0.0012	-0.0019	0.0000	-0.0073	-0.0022	0.0380	-0.0015	0.0373	0.0005	-0.0008	-0.0137	-0.0024	-0.0149	-0.0107	-0.0063	-0.0063	0.0003	0.0002	0.0763
50	-0.0104	-0.0001	-0.0013	-0.0035	0.0008	-0.0088	-0.0012	-0.0018	-0.0017	0.0308	0.0343	-0.0010	-0.0125	-0.0033	-0.0149	-0.0089	-0.0066	0.0088	0.0012	0.0001	0.0761
46	0.0278	-0.0005	-0.0016	-0.0023	0.0005	-0.0075	-0.0015	-0.0057	-0.0020	-0.0068	0.0010	-0.0038	-0.0116	-0.0022	-0.0127	-0.0132	0.0459	-0.0043	0.0008	-0.0002	0.0760
239	-0.0104	-0.0014	-0.0025	-0.0032	-0.0004	-0.0102	-0.0024	-0.0029	-0.0046	-0.0083	-0.0015	-0.0022	-0.0001	-0.0057	0.0397	-0.0111	0.0361	-0.0051	-0.0024	-0.0012	0.0758
199	0.0346	-0.0004	-0.0027	-0.0034	0.0004	-0.0099	-0.0014	-0.0025	-0.0018	-0.0085	-0.0004	-0.0012	-0.0093	-0.0021	-0.0127	-0.0096	-0.0096	0.0395	0.0010	-0.0001	0.0756
115	0.0338	-0.0005	-0.0024	-0.0026	0.0006	-0.0087	-0.0015	-0.0038	-0.0030	-0.0068	0.0010	-0.0016	-0.0109	-0.0022	-0.0142	-0.0107	0.0390	-0.0062	0.0009	-0.0002	0.0752
212	0.0403	-0.0004	-0.0039	-0.0023	0.0006	-0.0100	-0.0015	-0.0019	-0.0019	-0.0068	0.0010	-0.0013	-0.0115	-0.0021	-0.0126	-0.0104	0.0323	-0.0082	0.0009	-0.0002	0.0751
210	-0.0108	-0.0020	-0.0016	-0.0023	-0.0018	-0.0075	-0.0016	-0.0037	-0.0019	-0.0068	0.0009	-0.0025	-0.0110	-0.0022	-0.0126	0.0335	0.0391	-0.0043	0.0008	-0.0018	0.0744
89	0.0338	-0.0005	-0.0025	-0.0026	0.0006	-0.0087	-0.0015	-0.0025	-0.0030	-0.0068	-0.0003	-0.0016	-0.0109	-0.0022	-0.0142	-0.0107	0.0391	-0.0062	0.0009	-0.0002	0.0743
73	-0.0096	0.0062	-0.0028	-0.0034	-0.0026	-0.0098	-0.0055	-0.0031	-0.0031	-0.0091	-0.0003	-0.0025	0.0054	-0.0034	0.0345	0.0276	-0.0089	-0.0054	-0.0009	-0.0033	0.0736
17	0.0353	-0.0010	-0.0034	-0.0035	0.0008	0.0351	-0.0013	-0.0017	-0.0017	-0.0066	0.0012	-0.0011	-0.0090	-0.0019	-0.0152	-0.0114	-0.0093	-0.0064	0.0011	-0.0000	0.0734
173	-0.0074	-0.0028	-0.0019	-0.0026	-0.0004	-0.0088	-0.0044	-0.0033	-0.0022	0.0320	0.0005	-0.0016	-0.0111	-0.0040	0.0406	-0.0096	-0.0067	-0.0057	0.0003	-0.0007	0.0734
95	-0.0089	-0.0020	-0.0043	-0.0041	-0.0001	0.0332	-0.0021	-0.0033	-0.0053	-0.0071	0.0003	-0.0023	-0.0074	-0.0028	0.0396	-0.0088	-0.0082	-0.0056	0.0001	-0.0009	0.0731
84	-0.0109	-0.0015	-0.0018	-0.0025	0.0003	-0.0102	-0.0017	-0.0045	-0.0035	-0.0070	0.0007	-0.0036	-0.0098	-0.0024	-0.0086	0.0326	0.0389	-0.0045	0.0006	-0.0005	0.0730
238	-0.0109	-0.0007	-0.0018	-0.0026	0.0003	-0.0081	-0.0018	-0.0034	-0.0038	0.0291	0.0342	-0.0015	0.0041	-0.0038	-0.0173	-0.0104	0.0041	-0.0060	0.0006	-0.0004	0.0725
177	0.0298	-0.0033	-0.0041	-0.0033	-0.0006	-0.0046	-0.0051	-0.0030	-0.0029	-0.0088	-0.0001	-0.0024	0.0064	-0.0032	0.0355	-0.0121	-0.0098	-0.0068	-0.0003	-0.0014	0.0717
241	-0.0101	-0.0017	-0.0016	-0.0022	0.0006	0.0273	-0.0015	-0.0040	-0.0022	-0.0068	0.0007	-0.0050	-0.0091	-0.0021	-0.0207	0.0051	0.0370	-0.0043	0.0009	-0.0002	0.0716
57	0.0345	-0.0015	-0.0017	-0.0031	-0.0011	-0.0084	-0.0014	-0.0018	-0.0017	-0.0071	0.0011	-0.0011	-0.0107	-0.0020	-0.0124	0.0345	-0.0096	-0.0059	0.0006	-0.0013	0.0708
258	0.0344	-0.0004	-0.0015	-0.0035	0.0006	-0.0085	-0.0014	-0.0019	-0.0018	-0.0087	0.0010	-0.0012	-0.0108	-0.0021	-0.0125	0.0337	-0.0097	-0.0060	0.0005	-0.0002	0.0703
16	-0.0032	0.0033	-0.0039	-0.0031	-0.0001	0.0312	-0.0018	-0.0023	-0.0022	-0.0084	0.0007	-0.0016	-0.0099	-0.0025	-0.0152	0.0284	-0.0084	-0.0057	0.0056	-0.0010	0.0691
217	0.0036	-0.0016	-0.0019	-0.0034	-0.0013	0.0287	-0.0015	-0.0019	-0.0019	-0.0072	0.0010	-0.0013	-0.0114	-0.0021	-0.0125	0.0324	-0.0103	-0.0063	0.0005	-0.0014	0.0662
176	0.0297	-0.0009	-0.0029	-0.0030	-0.0001	-0.0092	-0.0023	-0.0037	-0.0023	0.0283	0.0005	-0.0017	0.0066	-0.0037	-0.0151	-0.0101	-0.0092	-0.0005	0.0004	-0.0007	0.0655
223	0.0300	-0.0009	-0.0020	-0.0041	0.0000	-0.0093	-0.0020	-0.0028	-0.0024	0.0280	-0.0003	-0.0017	0.0065	-0.0040	-0.0149	-0.0099	-0.0095	-0.0005	0.0004	-0.0007	0.0649
99	0.0310	-0.0015	-0.0030	-0.0024	0.0005	-0.0042	-0.0016	-0.0030	-0.0020	-0.0068	0.0009	-0.0037	-0.0089	-0.0022	-0.0175	0.0313	-0.0017	-0.0058	0.0008	-0.0003	0.0646
34	0.0310	-0.0015	-0.0030	-0.0024	0.0005	-0.0042	-0.0016	-0.0030	-0.0020	-0.0068	0.0009	-0.0037	-0.0089	-0.0022	-0.0175	0.0313	-0.0017	-0.0058	0.0008	-0.0003	0.0646
11	0.0314	-0.0015	-0.0031	-0.0024	0.0005	-0.0041	-0.0016	-0.0030	-0.0020	-0.0068	0.0009	-0.0035	-0.0091	-0.0022	-0.0171	0.0309	-0.0018	-0.0059	0.0008	-0.0003	0.0644
160	0.0313	-0.0015	-0.0025	-0.0036	0.0003	-0.0045	-0.0018	-0.0031	-0.0025	-0.0070	0.0007	-0.0034	-0.0093	-0.0024	-0.0121	0.0299	-0.0023	-0.0062	0.0006	-0.0005	0.0627
263	0.0000	0.0000	0.0000	0.0000	0.0000	0.0000	0.0000	0.0000	0.0000	0.0000	0.0000	0.0000	0.0000	0.0000	0.0000	0.0000	0.0000	0.0000	0.0000	0.0000	0.0000
262	0.0000	0.0000	0.0000	0.0000	0.0000	0.0000	0.0000	0.0000	0.0000	0.0000	0.0000	0.0000	0.0000	0.0000	0.0000	0.0000	0.0000	0.0000	0.0000	0.0000	0.0000
222	0.0000	0.0000	0.0000	0.0000	0.0000	0.0000	0.0000	0.0000	0.0000	0.0000	0.0000	0.0000	0.0000	0.0000	0.0000	0.0000	0.0000	0.0000	0.0000	0.0000	0.0000