# Differential preferences fit to each site.
# Regularizing prior: ('invquadratic', 150.0, 0.5)
#
site	dpi_A	dpi_C	dpi_D	dpi_E	dpi_F	dpi_G	dpi_H	dpi_I	dpi_K	dpi_L	dpi_M	dpi_N	dpi_P	dpi_Q	dpi_R	dpi_S	dpi_T	dpi_V	dpi_W	dpi_Y	half_sum_abs_dpi
139	-0.0014	0.5405	-0.0094	-0.0006	-0.0005	-0.0097	0.1089	-0.0005	-0.0040	-0.0009	-0.0007	-0.1458	-0.0005	-0.0248	-0.4402	0.0166	-0.0258	-0.0005	-0.0005	-0.0003	0.6660
213	-0.2042	-0.0004	-0.0010	-0.0004	-0.0004	-0.3208	-0.0006	-0.0004	-0.0004	-0.0005	-0.0004	-0.0136	-0.0004	-0.0004	-0.0004	0.5502	-0.0051	-0.0004	-0.0004	-0.0002	0.5502
214	-0.0518	0.0009	-0.0492	-0.0420	0.0023	-0.0532	-0.0011	-0.0015	0.2912	-0.0064	0.0025	-0.0008	-0.0103	-0.0200	-0.0180	-0.0098	-0.0087	-0.0309	0.0022	0.0048	0.3038
104	-0.0199	-0.0054	-0.0079	-0.0091	-0.0035	-0.0009	-0.0079	-0.0281	-0.0140	-0.0215	0.2539	-0.0071	-0.0007	-0.0092	-0.0397	-0.0191	-0.0301	-0.0211	-0.0036	-0.0049	0.2539
167	-0.0146	-0.0042	-0.0063	-0.0196	-0.0027	-0.0145	-0.0062	-0.0071	0.2258	-0.0112	-0.0042	-0.0140	-0.0007	-0.0119	-0.0599	-0.0146	-0.0189	-0.0085	-0.0028	-0.0038	0.2258
44	-0.0215	-0.0117	-0.0006	-0.0006	-0.0006	-0.0209	-0.0032	0.0428	-0.0006	0.1784	-0.0671	-0.0170	-0.0006	-0.0068	-0.0006	-0.0184	-0.0282	-0.0222	-0.0006	-0.0001	0.2212
90	-0.0187	-0.0024	0.1832	-0.0134	-0.0009	-0.0325	-0.0096	-0.0037	-0.0045	-0.0089	-0.0008	-0.0151	-0.0098	-0.0052	-0.0188	-0.0121	-0.0105	-0.0103	-0.0010	-0.0049	0.1832
86	-0.0117	-0.0014	-0.0035	-0.0215	0.0001	-0.0115	-0.0034	-0.0044	0.1824	-0.0084	-0.0012	-0.0094	-0.0067	-0.0094	-0.0551	-0.0116	-0.0163	-0.0057	-0.0001	-0.0011	0.1825
229	-0.0123	-0.0015	-0.0036	-0.0218	0.0001	-0.0121	-0.0036	-0.0044	0.1781	-0.0088	-0.0013	-0.0108	-0.0007	-0.0107	-0.0502	-0.0122	-0.0172	-0.0060	-0.0001	-0.0011	0.1781
9	-0.0122	-0.0030	-0.0007	-0.0208	-0.0017	-0.0125	-0.0048	-0.0070	0.1773	-0.0092	-0.0017	-0.0170	-0.0007	-0.0094	-0.0351	-0.0122	-0.0179	-0.0069	-0.0018	-0.0027	0.1773
85	-0.0176	-0.0023	-0.0135	0.1773	-0.0015	-0.0328	-0.0046	-0.0041	-0.0178	-0.0090	-0.0014	-0.0040	-0.0030	-0.0109	-0.0186	-0.0117	-0.0105	-0.0097	-0.0016	-0.0025	0.1773
71	-0.0098	0.0002	-0.0088	-0.0023	0.0022	-0.0096	0.1645	-0.0008	-0.0015	-0.0096	0.0024	-0.0056	-0.0172	-0.0129	-0.0651	-0.0098	-0.0082	-0.0038	0.0021	-0.0063	0.1713
157	-0.0190	-0.0002	-0.0016	-0.0025	0.0007	-0.0086	-0.0018	-0.0019	-0.0064	-0.0254	-0.0316	-0.0032	-0.0007	-0.0027	-0.0234	-0.0129	0.1561	-0.0195	0.0012	0.0033	0.1613
146	-0.0171	-0.0018	-0.0115	0.1610	-0.0005	-0.0331	-0.0037	-0.0031	-0.0162	-0.0083	-0.0004	-0.0032	-0.0007	-0.0101	-0.0183	-0.0111	-0.0099	-0.0097	-0.0006	-0.0015	0.1610
65	-0.0115	-0.0011	-0.0031	-0.0093	0.0004	-0.0112	-0.0121	-0.0025	-0.0079	-0.0122	0.0005	-0.0024	-0.0007	0.1584	-0.0583	-0.0113	-0.0098	-0.0054	0.0003	-0.0007	0.1596
245	-0.0132	0.0013	-0.0027	-0.0023	0.0033	-0.0119	-0.0014	-0.0123	-0.0024	-0.0138	0.1393	-0.0004	-0.0133	-0.0028	-0.0033	-0.0128	-0.0419	-0.0145	0.0032	0.0019	0.1490
134	-0.0530	0.0009	-0.0038	-0.0043	0.0007	-0.0192	-0.0011	-0.0112	-0.0012	-0.0167	0.0018	-0.0004	-0.0007	-0.0020	-0.0162	-0.0091	-0.0078	0.1400	0.0023	0.0013	0.1469
247	-0.0165	-0.0015	-0.0097	0.1446	-0.0001	-0.0224	-0.0035	-0.0029	-0.0148	-0.0082	-0.0000	-0.0029	-0.0007	-0.0113	-0.0185	-0.0111	-0.0098	-0.0092	-0.0002	-0.0012	0.1446
10	-0.0111	0.0016	0.0139	0.0131	0.0027	-0.0432	-0.0007	-0.0003	-0.0083	0.0115	0.0030	-0.0109	0.0667	0.0247	-0.0139	-0.0070	-0.0057	-0.0077	0.0026	-0.0311	0.1398
133	-0.0079	0.0023	-0.0070	-0.0007	0.0043	-0.0082	0.0593	-0.0009	-0.0054	-0.0067	0.0045	0.0632	-0.0131	-0.0074	-0.0486	-0.0190	-0.0095	-0.0017	0.0043	-0.0018	0.1378
251	-0.0106	-0.0003	-0.0007	-0.0085	0.0013	-0.0103	-0.0105	-0.0017	-0.0074	-0.0107	0.0014	-0.0016	-0.0007	0.1325	-0.0502	-0.0104	-0.0090	-0.0046	0.0011	0.0011	0.1373
15	-0.0052	-0.0006	-0.0020	-0.0025	-0.0079	-0.0114	-0.0100	-0.0072	-0.0009	-0.0124	-0.0058	-0.0029	0.0626	-0.0018	-0.0007	-0.0336	-0.0149	0.0691	-0.0067	-0.0051	0.1318
38	-0.0172	0.0030	0.0563	0.0549	0.0045	-0.0565	-0.0022	0.0015	-0.0076	-0.0039	0.0046	-0.0068	-0.0007	-0.0032	-0.0139	-0.0070	-0.0056	-0.0063	0.0044	0.0016	0.1308
227	-0.0129	0.0015	0.0623	-0.0087	0.0031	-0.0224	-0.0079	-0.0022	-0.0074	-0.0052	0.0032	0.0571	-0.0087	-0.0014	-0.0155	-0.0197	-0.0111	-0.0051	0.0030	-0.0021	0.1301
79	-0.0136	0.0017	0.0234	0.0587	0.0030	0.0370	-0.0038	0.0006	-0.0467	-0.0040	0.0024	-0.0112	-0.0068	-0.0050	-0.0197	-0.0067	-0.0064	-0.0058	0.0030	0.0000	0.1298
148	-0.0106	0.0001	-0.0017	-0.0026	-0.0017	-0.0097	-0.0042	0.0881	-0.0046	0.0391	-0.0037	-0.0018	-0.0118	-0.0035	-0.0278	-0.0114	-0.0206	-0.0138	0.0015	0.0006	0.1294
143	-0.0167	0.0024	-0.0106	0.0740	0.0040	-0.0504	0.0003	0.0010	0.0356	-0.0048	0.0041	0.0008	-0.0007	-0.0083	-0.0157	-0.0079	-0.0066	-0.0072	0.0039	0.0028	0.1289
63	-0.0143	0.0023	0.0489	0.0076	0.0040	-0.0248	0.0057	0.0007	-0.0041	-0.0090	0.0042	-0.0044	-0.0022	0.0508	-0.0489	-0.0090	-0.0072	-0.0046	0.0039	0.0004	0.1285
202	0.1201	0.0008	-0.0037	-0.0044	0.0021	-0.0153	-0.0008	-0.0004	-0.0009	-0.0051	0.0022	-0.0002	-0.0152	-0.0016	-0.0132	-0.0116	-0.0434	-0.0125	0.0020	0.0012	0.1283
248	0.0437	0.0062	-0.0018	0.0105	-0.0007	-0.0037	-0.0036	0.0062	0.0057	0.0259	0.0061	0.0062	0.0050	-0.0062	-0.1104	0.0006	0.0051	0.0059	-0.0007	0.0000	0.1270
170	-0.0525	0.0012	-0.0005	-0.0013	0.0025	-0.0078	-0.0006	-0.0099	-0.0008	-0.0052	0.0026	-0.0055	-0.0007	-0.0015	-0.0142	-0.0229	0.1170	-0.0028	0.0025	0.0003	0.1261
3	-0.0117	0.0021	-0.0052	0.0569	0.0036	-0.0166	-0.0050	0.0007	-0.0075	-0.0073	0.0037	0.0005	-0.0229	0.0518	-0.0303	-0.0077	-0.0066	-0.0043	0.0035	0.0025	0.1252
257	0.1240	-0.0009	-0.0053	-0.0058	0.0003	-0.0176	-0.0025	-0.0022	-0.0027	-0.0068	0.0004	-0.0020	-0.0007	-0.0033	-0.0152	-0.0134	-0.0314	-0.0148	0.0002	-0.0004	0.1249
18	-0.0100	-0.0007	-0.0008	-0.0007	-0.0019	-0.0007	-0.0094	-0.0040	-0.0046	-0.0136	-0.0019	-0.0041	-0.0169	-0.0174	-0.0197	0.1217	-0.0090	-0.0059	-0.0007	0.0002	0.1219
181	-0.0091	0.0010	-0.0010	-0.0073	0.0025	-0.0007	-0.0088	-0.0004	-0.0077	-0.0092	0.0026	-0.0003	-0.0007	0.1116	-0.0563	-0.0090	-0.0076	-0.0033	0.0024	0.0012	0.1213
184	-0.0135	0.0009	0.0544	0.0018	0.0025	-0.0213	0.0046	-0.0004	-0.0044	-0.0085	0.0026	-0.0059	-0.0007	0.0518	-0.0425	-0.0092	-0.0076	-0.0058	0.0024	-0.0012	0.1210
126	-0.0101	-0.0013	-0.0012	-0.0041	0.0402	-0.0006	0.0021	-0.0002	-0.0022	-0.0799	0.0074	-0.0012	-0.0006	0.0006	-0.0029	0.0593	-0.0078	-0.0075	0.0070	0.0028	0.1195
129	-0.0083	0.0023	-0.0056	0.0324	0.0040	-0.0086	0.0023	-0.0008	0.0020	-0.0076	0.0037	0.0569	-0.0007	0.0118	-0.0571	-0.0172	-0.0110	-0.0021	0.0039	-0.0001	0.1192
243	0.1178	-0.0010	-0.0027	-0.0084	0.0002	-0.0164	-0.0026	-0.0023	-0.0029	-0.0068	0.0002	-0.0021	-0.0007	-0.0034	-0.0151	-0.0134	-0.0253	-0.0145	0.0001	-0.0007	0.1182
75	-0.0076	-0.0007	-0.0076	-0.0046	0.0036	-0.0081	0.0032	-0.0011	0.0026	-0.0068	0.0032	0.0233	-0.0130	0.0472	-0.0543	0.0300	-0.0109	-0.0020	0.0035	0.0000	0.1167
125	0.1134	-0.0004	-0.0075	-0.0029	0.0009	-0.0170	-0.0020	-0.0017	-0.0021	-0.0063	0.0010	-0.0015	-0.0007	-0.0028	-0.0147	-0.0134	-0.0278	-0.0153	0.0008	-0.0001	0.1160
2	-0.0007	0.0013	-0.0004	-0.0013	0.0027	-0.0075	-0.0007	-0.0000	-0.0007	-0.0213	0.0028	0.0001	0.1050	-0.0074	-0.0241	-0.0348	-0.0139	-0.0027	0.0025	0.0012	0.1156
122	-0.0155	0.0026	-0.0048	0.0545	0.0041	0.0393	0.0007	0.0013	-0.0076	-0.0040	0.0041	0.0013	-0.0073	-0.0040	-0.0523	-0.0069	-0.0056	-0.0061	0.0033	0.0028	0.1140
116	-0.0271	-0.0011	-0.0026	-0.0023	-0.0013	-0.0087	-0.0031	-0.0073	-0.0035	-0.0059	-0.0049	-0.0053	-0.0007	-0.0025	-0.0183	-0.0147	0.1139	-0.0041	-0.0007	0.0001	0.1139
61	0.1117	-0.0007	-0.0078	-0.0030	0.0005	-0.0157	-0.0022	-0.0019	-0.0023	-0.0062	0.0007	-0.0017	-0.0007	-0.0030	-0.0142	-0.0126	-0.0270	-0.0141	0.0005	-0.0003	0.1133
159	0.0253	0.0022	-0.0081	-0.0049	0.0036	-0.0172	0.0004	0.0007	0.0003	-0.0042	0.0037	0.0010	-0.0007	-0.0005	-0.0133	-0.0127	-0.0513	0.0711	0.0034	0.0010	0.1128
6	-0.0193	0.0007	-0.0063	0.0447	0.0021	-0.0180	-0.0011	-0.0010	-0.0085	-0.0128	-0.0051	-0.0005	-0.0007	-0.0058	-0.0163	-0.0087	-0.0081	0.0616	0.0018	0.0014	0.1123
149	-0.0145	0.0005	-0.0010	-0.0018	0.0016	-0.0076	-0.0040	-0.0007	-0.0012	-0.0152	0.0018	-0.0005	0.1056	-0.0047	-0.0242	-0.0203	-0.0130	-0.0031	0.0016	0.0008	0.1119
261	-0.0117	0.0011	-0.0059	0.0519	0.0024	-0.0193	-0.0008	-0.0003	0.0511	-0.0052	0.0004	-0.0064	-0.0007	-0.0089	-0.0272	-0.0079	-0.0109	-0.0053	0.0022	0.0015	0.1105
218	-0.0021	0.0577	-0.0007	-0.0009	-0.0004	-0.0069	-0.0072	-0.0007	-0.0165	-0.0018	-0.0017	-0.0043	-0.0027	-0.0063	-0.0478	0.0523	-0.0082	-0.0014	-0.0004	-0.0000	0.1100
246	0.0444	0.0007	0.0570	-0.0078	0.0022	-0.0176	-0.0043	-0.0007	-0.0010	-0.0052	0.0024	-0.0085	-0.0126	-0.0016	-0.0141	-0.0108	-0.0156	-0.0081	0.0022	-0.0009	0.1089
152	0.0462	0.0009	0.0024	0.0507	0.0023	-0.0157	-0.0017	-0.0006	-0.0087	-0.0056	0.0022	-0.0024	-0.0130	-0.0048	-0.0159	-0.0113	-0.0187	-0.0090	0.0021	0.0008	0.1075
13	-0.0139	-0.0023	0.0565	-0.0076	0.0017	-0.0080	-0.0058	-0.0035	-0.0035	-0.0061	0.0018	0.0002	-0.0007	-0.0024	-0.0314	0.0435	-0.0121	-0.0060	0.0016	-0.0020	0.1054
74	-0.0087	-0.0007	-0.0019	-0.0100	0.0009	-0.0086	-0.0144	-0.0015	-0.0080	-0.0107	0.0010	-0.0014	-0.0184	0.0812	0.0204	-0.0085	-0.0074	-0.0038	0.0006	-0.0001	0.1040
242	-0.0139	0.0005	-0.0011	-0.0064	0.0019	-0.0085	-0.0084	-0.0007	-0.0050	-0.0138	0.0018	-0.0006	0.0140	0.0534	-0.0306	0.0302	-0.0115	-0.0034	0.0013	0.0009	0.1039
73	-0.0150	0.0197	-0.0036	-0.0039	-0.0051	-0.0141	-0.0104	-0.0031	-0.0034	-0.0111	-0.0004	-0.0031	0.0212	-0.0045	0.0307	0.0318	-0.0128	-0.0054	-0.0021	-0.0055	0.1034
163	0.0407	0.0003	-0.0017	-0.0058	0.0017	-0.0145	-0.0016	-0.0076	-0.0062	-0.0065	0.0002	0.0410	-0.0047	-0.0025	-0.0235	-0.0172	0.0165	-0.0111	0.0015	0.0009	0.1028
27	0.0408	-0.0003	0.0032	-0.0042	0.0014	-0.0130	-0.0052	-0.0034	-0.0070	-0.0060	0.0016	0.0533	-0.0133	-0.0023	-0.0154	-0.0191	-0.0031	-0.0078	0.0015	-0.0017	0.1018
172	-0.0109	0.0010	-0.0048	0.0499	0.0021	-0.0157	-0.0046	-0.0003	-0.0075	-0.0037	0.0021	-0.0005	-0.0102	0.0434	-0.0233	-0.0068	-0.0059	-0.0075	0.0020	0.0012	0.1017
14	-0.0093	-0.0002	-0.0019	-0.0140	0.0011	-0.0092	-0.0288	-0.0015	0.0771	-0.0128	0.0012	-0.0015	-0.0007	0.0090	0.0121	-0.0091	-0.0080	-0.0040	0.0008	-0.0001	0.1013
187	-0.0184	0.0025	-0.0089	0.0439	0.0041	-0.0104	0.0003	0.0007	-0.0089	-0.0129	-0.0019	0.0010	-0.0007	-0.0039	-0.0172	-0.0094	-0.0084	0.0416	0.0039	0.0029	0.1009
67	-0.0158	-0.0040	0.0014	0.0466	0.0031	0.0421	-0.0008	0.0004	-0.0068	-0.0046	0.0032	-0.0011	-0.0079	-0.0033	-0.0275	-0.0157	-0.0062	-0.0069	0.0024	0.0016	0.1008
166	-0.0084	-0.0094	-0.0024	-0.0027	0.0006	-0.0161	-0.0163	-0.0016	-0.0021	-0.0097	0.0007	-0.0016	-0.0007	-0.0030	0.0985	-0.0147	-0.0072	-0.0038	0.0005	-0.0004	0.1003
194	-0.0099	0.0031	0.0016	0.0008	0.0043	-0.0048	0.0014	0.0019	0.0014	-0.0273	0.0044	0.0021	0.0765	-0.0035	-0.0266	-0.0159	-0.0094	-0.0003	-0.0007	0.0010	0.0985
121	0.0089	0.0002	-0.0033	0.0011	0.0015	-0.0152	-0.0016	-0.0023	0.0469	-0.0066	0.0002	-0.0049	-0.0152	-0.0065	-0.0246	-0.0123	-0.0061	0.0377	0.0013	0.0005	0.0984
89	0.0428	0.0005	-0.0037	-0.0027	0.0018	-0.0123	-0.0011	-0.0023	-0.0038	-0.0055	-0.0024	-0.0014	-0.0181	-0.0019	-0.0186	-0.0147	0.0505	-0.0097	0.0017	0.0009	0.0983
130	-0.0087	0.0023	-0.0007	-0.0021	0.0023	-0.0083	0.0003	0.0386	-0.0032	-0.0124	0.0477	-0.0017	-0.0007	-0.0007	-0.0035	-0.0111	-0.0255	-0.0176	0.0038	0.0011	0.0962
83	-0.0256	0.0007	-0.0145	-0.0019	-0.0075	-0.0013	-0.0011	-0.0079	-0.0012	-0.0099	0.0022	-0.0017	-0.0007	-0.0020	-0.0037	-0.0089	-0.0077	0.0894	0.0020	0.0013	0.0956
150	-0.0136	-0.0014	-0.0005	-0.0040	0.0023	0.0370	0.0348	-0.0043	-0.0069	-0.0059	0.0025	0.0168	-0.0007	-0.0022	-0.0297	-0.0055	-0.0130	-0.0067	0.0022	-0.0012	0.0956
254	-0.0149	0.0011	-0.0061	0.0432	0.0024	0.0453	-0.0005	0.0000	-0.0089	-0.0046	0.0024	0.0000	-0.0007	-0.0045	-0.0337	-0.0072	-0.0061	-0.0066	-0.0015	0.0008	0.0953
239	-0.0185	-0.0027	-0.0013	-0.0056	-0.0013	0.0021	-0.0042	-0.0040	-0.0066	-0.0016	-0.0045	-0.0037	0.0194	-0.0118	0.0552	-0.0147	0.0181	-0.0062	-0.0059	-0.0021	0.0948
128	-0.0086	-0.0073	-0.0061	-0.0024	0.0012	-0.0128	0.0557	-0.0011	-0.0017	-0.0108	0.0014	-0.0043	-0.0007	-0.0098	0.0351	-0.0125	-0.0072	-0.0036	0.0012	-0.0057	0.0947
188	0.0373	0.0009	0.0482	-0.0015	0.0023	-0.0172	-0.0030	-0.0008	-0.0022	-0.0052	0.0024	-0.0067	-0.0007	-0.0022	-0.0145	-0.0111	-0.0253	-0.0033	0.0021	0.0005	0.0936
215	-0.0067	-0.0036	-0.0014	-0.0006	0.0032	-0.0157	-0.0067	0.0008	0.0001	-0.0089	0.0034	0.0009	-0.0312	0.0346	0.0484	-0.0104	-0.0054	-0.0017	-0.0013	0.0022	0.0935
173	-0.0083	-0.0037	-0.0013	-0.0021	0.0003	-0.0127	-0.0074	-0.0043	-0.0015	0.0501	0.0015	-0.0008	-0.0199	-0.0057	0.0399	-0.0117	-0.0070	-0.0071	0.0012	0.0004	0.0935
115	0.0431	-0.0000	-0.0042	-0.0034	0.0012	-0.0140	-0.0017	-0.0079	-0.0040	-0.0062	0.0011	-0.0019	-0.0007	-0.0026	-0.0193	-0.0160	0.0465	-0.0114	0.0012	0.0003	0.0934
198	-0.0131	-0.0026	-0.0011	-0.0018	-0.0063	-0.0072	-0.0012	-0.0007	-0.0013	-0.0120	0.0015	-0.0006	-0.0093	-0.0019	-0.0126	0.0915	-0.0115	-0.0030	-0.0047	-0.0022	0.0931
54	0.0780	0.0022	-0.0070	-0.0055	0.0036	-0.0054	0.0003	0.0008	0.0002	-0.0044	0.0036	0.0010	-0.0007	-0.0006	-0.0137	-0.0108	-0.0332	-0.0106	-0.0007	0.0027	0.0924
183	-0.0094	0.0014	-0.0007	-0.0018	0.0024	-0.0089	-0.0006	0.0427	-0.0034	0.0382	0.0030	0.0001	-0.0007	-0.0044	-0.0254	-0.0091	-0.0168	-0.0109	0.0026	0.0018	0.0922
228	-0.0119	-0.0019	0.0011	-0.0032	0.0020	0.0343	-0.0042	-0.0046	-0.0050	-0.0050	0.0021	0.0498	-0.0080	-0.0018	-0.0204	-0.0056	-0.0107	-0.0076	0.0018	-0.0012	0.0910
244	-0.0169	-0.0008	-0.0008	-0.0008	0.0022	-0.0154	-0.0004	-0.0046	-0.0008	-0.0041	0.0023	-0.0064	-0.0102	-0.0009	-0.0258	0.0430	0.0429	-0.0024	-0.0007	0.0005	0.0909
176	0.0395	-0.0000	-0.0044	-0.0033	0.0006	-0.0136	-0.0026	-0.0046	-0.0019	0.0443	0.0011	-0.0012	-0.0049	-0.0059	-0.0221	-0.0116	-0.0147	0.0037	0.0013	0.0003	0.0908
87	-0.0081	0.0015	-0.0007	-0.0009	0.0035	-0.0080	0.0554	0.0005	-0.0001	-0.0102	0.0036	-0.0033	-0.0007	-0.0140	-0.0345	-0.0082	-0.0009	-0.0008	0.0034	0.0224	0.0904
57	0.0425	-0.0059	-0.0025	-0.0047	-0.0035	-0.0127	-0.0016	-0.0015	-0.0018	-0.0075	0.0012	-0.0010	0.0007	-0.0024	-0.0143	0.0438	-0.0171	-0.0099	0.0005	-0.0023	0.0887
16	-0.0037	0.0139	-0.0076	-0.0049	-0.0006	0.0304	-0.0033	-0.0030	-0.0033	-0.0114	-0.0005	-0.0028	0.0030	-0.0040	-0.0224	0.0229	-0.0116	-0.0073	0.0183	-0.0020	0.0886
88	-0.0100	0.0001	-0.0020	-0.0026	-0.0065	-0.0018	-0.0066	-0.0052	-0.0019	0.0845	0.0018	-0.0007	-0.0060	-0.0028	-0.0150	-0.0100	-0.0084	-0.0090	0.0015	0.0005	0.0884
147	0.0638	0.0030	-0.0050	-0.0013	0.0043	-0.0094	0.0014	0.0018	-0.0006	-0.0029	0.0043	0.0020	-0.0155	-0.0056	-0.0108	-0.0075	-0.0217	-0.0079	0.0042	0.0034	0.0882
37	0.0371	-0.0010	-0.0033	-0.0015	0.0009	-0.0100	-0.0037	-0.0009	-0.0010	-0.0119	0.0017	-0.0007	0.0446	-0.0016	-0.0161	-0.0126	-0.0139	-0.0082	0.0015	0.0006	0.0864
231	-0.0007	-0.0031	-0.0010	0.0432	-0.0026	-0.0153	-0.0036	-0.0020	-0.0062	-0.0076	0.0006	-0.0028	-0.0005	-0.0050	-0.0164	0.0332	-0.0122	-0.0070	0.0007	0.0081	0.0858
190	-0.0097	-0.0011	-0.0007	-0.0040	0.0002	0.0521	-0.0042	-0.0042	0.0332	-0.0088	0.0002	-0.0065	-0.0007	-0.0065	-0.0049	-0.0116	-0.0144	-0.0047	-0.0032	-0.0006	0.0858
140	-0.0087	-0.0136	-0.0005	-0.0014	0.0027	-0.0162	-0.0006	-0.0000	-0.0008	0.0382	0.0029	0.0001	-0.0093	-0.0019	0.0192	-0.0223	-0.0071	-0.0029	0.0207	0.0017	0.0854
35	-0.0131	0.0300	-0.0006	-0.0006	0.0299	-0.0006	-0.0043	-0.0052	-0.0011	-0.0022	-0.0012	-0.0034	-0.0006	-0.0052	0.0231	-0.0242	-0.0035	-0.0104	-0.0016	-0.0053	0.0830
99	0.0383	-0.0035	-0.0046	-0.0024	0.0015	-0.0065	-0.0016	-0.0033	-0.0018	-0.0057	0.0016	-0.0068	-0.0007	-0.0021	-0.0324	0.0390	-0.0032	-0.0076	0.0015	0.0007	0.0825
138	-0.0059	-0.0032	-0.0045	-0.0144	-0.0004	-0.0004	0.0816	-0.0004	-0.0004	-0.0004	-0.0023	-0.0119	-0.0004	-0.0042	-0.0004	-0.0191	-0.0069	-0.0062	-0.0004	-0.0000	0.0816
95	-0.0127	-0.0021	-0.0083	-0.0050	0.0011	0.0416	-0.0017	-0.0054	-0.0096	-0.0057	0.0011	-0.0029	-0.0007	-0.0025	0.0367	-0.0061	-0.0118	-0.0070	0.0008	0.0002	0.0816
258	0.0392	0.0002	-0.0014	-0.0051	0.0014	-0.0092	-0.0014	-0.0011	-0.0017	-0.0142	0.0014	-0.0008	0.0008	-0.0023	-0.0148	0.0361	-0.0169	-0.0091	-0.0017	0.0006	0.0797
171	-0.0098	-0.0020	0.0272	-0.0003	0.0033	0.0075	0.0004	-0.0007	0.0003	-0.0035	0.0034	-0.0069	-0.0063	-0.0003	-0.0403	0.0333	-0.0080	-0.0012	0.0031	0.0010	0.0793
250	-0.0084	0.0001	-0.0016	-0.0057	0.0014	-0.0166	-0.0056	-0.0027	0.0014	-0.0079	0.0010	-0.0021	-0.0007	0.0417	0.0320	-0.0130	-0.0109	-0.0035	0.0002	0.0008	0.0787
1	-0.0072	-0.0015	-0.0038	-0.0017	0.0017	-0.0132	0.0407	-0.0026	-0.0021	-0.0077	0.0021	0.0026	-0.0044	-0.0068	-0.0145	0.0296	-0.0091	-0.0026	0.0015	-0.0012	0.0784
30	-0.0091	-0.0010	-0.0033	-0.0087	0.0008	-0.0129	-0.0036	-0.0021	0.0510	-0.0085	-0.0004	-0.0014	-0.0007	-0.0016	0.0261	-0.0066	-0.0119	-0.0041	-0.0007	-0.0011	0.0779
113	-0.0013	-0.0006	-0.0004	-0.0004	0.0778	-0.0004	-0.0004	-0.0166	-0.0006	-0.0155	-0.0156	-0.0004	-0.0004	-0.0004	-0.0004	-0.0004	-0.0006	-0.0229	-0.0004	-0.0000	0.0778
203	-0.0153	-0.0062	-0.0089	-0.0013	0.0025	0.0724	-0.0007	-0.0006	-0.0006	-0.0006	0.0026	-0.0003	-0.0009	-0.0011	-0.0181	-0.0164	-0.0053	-0.0006	-0.0006	0.0002	0.0777
199	0.0336	0.0012	-0.0034	-0.0035	0.0014	-0.0152	-0.0003	-0.0022	-0.0005	-0.0024	-0.0023	0.0002	-0.0120	-0.0011	-0.0120	-0.0090	-0.0137	0.0378	0.0022	0.0014	0.0777
23	-0.0139	-0.0006	-0.0064	0.0734	0.0016	-0.0006	-0.0015	-0.0010	-0.0147	-0.0058	0.0016	-0.0009	-0.0006	-0.0065	-0.0006	-0.0084	-0.0073	-0.0074	-0.0006	0.0004	0.0770
4	-0.0033	-0.0011	-0.0008	-0.0006	-0.0005	-0.0005	-0.0018	-0.0085	-0.0087	-0.0121	-0.0016	-0.0005	0.0770	-0.0014	-0.0005	-0.0126	-0.0096	-0.0128	-0.0005	-0.0000	0.0770
177	0.0414	-0.0039	-0.0049	-0.0026	0.0005	-0.0036	-0.0074	-0.0018	-0.0018	-0.0076	0.0010	-0.0019	-0.0025	-0.0027	0.0327	-0.0132	-0.0137	-0.0078	0.0005	-0.0005	0.0760
7	-0.0070	0.0014	-0.0006	0.0030	-0.0006	-0.0006	-0.0158	-0.0017	0.0308	-0.0062	0.0021	-0.0006	-0.0006	0.0387	-0.0245	-0.0064	-0.0082	-0.0026	-0.0006	0.0000	0.0760
230	0.0309	0.0019	-0.0006	-0.0041	0.0030	-0.0104	-0.0019	0.0005	0.0002	-0.0093	0.0033	0.0009	0.0298	-0.0012	-0.0175	-0.0114	-0.0118	-0.0073	0.0031	0.0022	0.0756
62	-0.0126	-0.0024	0.0298	-0.0070	0.0028	0.0387	0.0000	-0.0007	-0.0001	-0.0040	0.0029	0.0005	-0.0007	-0.0007	-0.0288	-0.0135	-0.0033	-0.0008	-0.0008	0.0007	0.0755
76	-0.0129	-0.0007	0.0692	-0.0078	0.0029	-0.0010	-0.0046	0.0001	-0.0009	-0.0052	0.0030	-0.0111	-0.0007	-0.0014	-0.0073	-0.0082	-0.0069	-0.0060	-0.0009	0.0002	0.0754
175	-0.0155	-0.0009	-0.0013	-0.0014	0.0016	-0.0144	-0.0009	0.0029	-0.0013	-0.0044	0.0019	-0.0064	-0.0009	-0.0014	-0.0219	0.0337	0.0329	-0.0042	0.0019	0.0001	0.0750
5	-0.0083	-0.0016	-0.0007	-0.0009	-0.0046	-0.0014	-0.0063	-0.0026	-0.0013	0.0715	0.0001	-0.0033	-0.0007	-0.0046	-0.0201	-0.0039	-0.0069	-0.0069	0.0016	0.0008	0.0741
22	-0.0100	0.0010	-0.0006	-0.0006	0.0017	-0.0006	-0.0006	0.0619	-0.0006	-0.0108	-0.0047	-0.0006	-0.0006	-0.0009	-0.0006	-0.0013	-0.0407	0.0075	-0.0006	0.0015	0.0735
252	-0.0005	-0.0005	-0.0005	-0.0005	-0.0096	-0.0005	-0.0005	0.0171	-0.0005	-0.0222	-0.0123	-0.0005	-0.0005	-0.0005	-0.0005	-0.0005	0.0562	-0.0230	-0.0005	-0.0001	0.0733
253	0.0313	0.0013	-0.0007	-0.0014	0.0025	-0.0171	-0.0003	-0.0014	-0.0004	-0.0046	0.0027	0.0002	-0.0007	-0.0011	-0.0127	-0.0106	-0.0216	0.0309	0.0024	0.0012	0.0725
78	-0.0311	0.0040	0.0002	-0.0024	-0.0010	-0.0054	0.0023	-0.0019	0.0019	-0.0078	0.0011	0.0029	-0.0007	0.0011	-0.0114	-0.0050	-0.0042	0.0579	-0.0007	0.0001	0.0715
195	-0.0014	-0.0012	-0.0012	-0.0004	0.0070	-0.0008	-0.0004	0.0644	-0.0004	-0.0336	-0.0280	-0.0004	-0.0007	-0.0004	-0.0004	-0.0004	-0.0004	-0.0013	-0.0004	-0.0000	0.0714
180	-0.0076	0.0003	-0.0011	-0.0053	0.0016	-0.0115	-0.0071	-0.0007	-0.0041	-0.0099	0.0017	-0.0006	-0.0007	0.0339	0.0322	-0.0076	-0.0064	-0.0030	-0.0052	0.0011	0.0708
205	-0.0171	-0.0031	-0.0006	-0.0006	0.0430	-0.0006	0.0015	-0.0039	0.0012	-0.0028	0.0096	-0.0008	-0.0006	-0.0019	-0.0070	-0.0088	-0.0104	-0.0114	0.0090	0.0052	0.0695
160	0.0255	-0.0035	0.0026	-0.0068	-0.0000	0.0161	-0.0029	-0.0044	-0.0044	-0.0015	-0.0002	-0.0069	-0.0024	-0.0037	-0.0155	0.0250	-0.0066	-0.0089	-0.0003	-0.0011	0.0691
145	-0.0144	-0.0070	-0.0014	-0.0004	-0.0004	-0.0127	-0.0005	-0.0004	-0.0004	-0.0004	-0.0004	-0.0003	-0.0004	-0.0022	-0.0007	-0.0220	0.0673	-0.0022	-0.0008	-0.0000	0.0673
260	-0.0109	0.0021	-0.0006	-0.0006	0.0022	-0.0006	-0.0009	0.0551	-0.0006	-0.0108	0.0011	-0.0006	-0.0006	-0.0006	-0.0010	-0.0039	-0.0235	-0.0118	0.0038	0.0026	0.0670
31	-0.0181	0.0019	-0.0009	-0.0010	0.0025	-0.0006	-0.0001	0.0331	-0.0026	-0.0077	0.0039	-0.0009	-0.0118	-0.0011	-0.0111	-0.0043	0.0213	-0.0066	0.0033	0.0009	0.0668
28	-0.0060	-0.0008	0.0015	0.0009	-0.0007	-0.0247	0.0017	-0.0026	0.0015	-0.0021	0.0051	-0.0064	-0.0006	0.0008	-0.0112	0.0543	-0.0085	-0.0017	-0.0007	0.0002	0.0660
34	0.0286	-0.0019	-0.0001	-0.0021	0.0014	-0.0063	-0.0014	0.0034	-0.0016	-0.0053	0.0015	-0.0073	-0.0007	-0.0019	-0.0238	0.0267	-0.0042	-0.0071	0.0014	0.0007	0.0637
46	0.0636	-0.0066	-0.0003	-0.0003	-0.0003	-0.0003	-0.0064	-0.0036	-0.0003	-0.0006	-0.0016	-0.0003	-0.0024	-0.0012	-0.0003	-0.0096	-0.0281	-0.0009	-0.0003	-0.0000	0.0636
238	-0.0173	-0.0006	-0.0022	-0.0017	0.0007	-0.0006	-0.0017	-0.0040	-0.0030	0.0189	0.0227	-0.0006	0.0205	-0.0091	-0.0006	-0.0123	-0.0014	-0.0073	-0.0006	0.0000	0.0628
47	-0.0067	-0.0173	-0.0005	-0.0005	0.0524	-0.0044	0.0010	-0.0026	-0.0005	-0.0018	0.0047	-0.0005	-0.0005	-0.0012	-0.0005	-0.0203	-0.0017	-0.0031	0.0041	0.0000	0.0622
226	-0.0115	0.0018	0.0005	-0.0001	0.0029	-0.0011	0.0002	0.0008	0.0014	-0.0019	0.0034	0.0013	0.0447	-0.0031	-0.0137	-0.0148	-0.0119	-0.0014	0.0026	0.0001	0.0596
33	-0.0062	0.0002	-0.0019	0.0261	0.0011	-0.0117	-0.0022	0.0014	-0.0007	-0.0056	0.0023	-0.0009	-0.0006	-0.0037	-0.0130	-0.0103	0.0256	-0.0012	0.0011	0.0003	0.0582
105	-0.0003	-0.0011	-0.0004	-0.0003	-0.0003	-0.0004	-0.0003	-0.0003	-0.0005	-0.0003	-0.0003	-0.0003	-0.0003	-0.0003	-0.0004	-0.0517	0.0582	-0.0004	-0.0005	-0.0000	0.0582
111	-0.0003	-0.0003	-0.0035	-0.0005	-0.0003	-0.0003	0.0582	-0.0015	-0.0003	-0.0003	-0.0007	-0.0462	-0.0003	-0.0005	-0.0005	-0.0010	-0.0010	-0.0003	-0.0003	-0.0000	0.0582
103	-0.0142	0.0015	-0.0024	0.0029	-0.0003	-0.0040	-0.0011	-0.0110	-0.0026	-0.0054	0.0029	-0.0023	-0.0006	-0.0003	-0.0021	-0.0096	0.0508	-0.0019	-0.0001	0.0000	0.0581
80	-0.0022	-0.0018	-0.0009	-0.0005	0.0082	-0.0038	-0.0107	0.0024	-0.0005	-0.0012	0.0098	-0.0056	-0.0189	-0.0009	-0.0008	-0.0042	-0.0028	-0.0029	0.0092	0.0280	0.0576
69	-0.0094	-0.0005	0.0027	-0.0093	0.0014	0.0026	-0.0029	-0.0016	0.0301	-0.0081	0.0005	0.0004	-0.0082	-0.0014	0.0197	-0.0016	-0.0103	-0.0037	0.0000	-0.0005	0.0575
212	-0.0034	-0.0028	-0.0004	-0.0004	-0.0004	-0.0118	-0.0004	-0.0012	-0.0004	-0.0046	-0.0047	-0.0023	-0.0026	-0.0025	-0.0013	-0.0114	0.0566	-0.0054	-0.0004	-0.0000	0.0566
32	-0.0020	0.0018	-0.0001	-0.0011	0.0004	-0.0011	-0.0036	-0.0012	-0.0003	0.0450	0.0024	0.0006	-0.0006	-0.0073	-0.0238	-0.0015	-0.0072	-0.0060	0.0033	0.0023	0.0557
193	-0.0074	0.0035	0.0020	-0.0127	0.0047	0.0247	0.0021	0.0025	0.0019	-0.0016	0.0047	0.0025	-0.0011	0.0012	-0.0230	-0.0040	-0.0028	-0.0019	0.0045	0.0002	0.0544
141	-0.0003	-0.0003	-0.0026	-0.0456	-0.0007	0.0543	-0.0003	-0.0003	-0.0003	-0.0003	-0.0006	-0.0010	-0.0003	-0.0003	-0.0003	-0.0003	-0.0003	-0.0003	-0.0003	-0.0000	0.0543
21	-0.0004	0.0014	0.0009	-0.0002	-0.0122	-0.0004	0.0027	0.0170	0.0089	-0.0323	0.0048	0.0158	-0.0004	0.0003	0.0000	0.0010	0.0007	-0.0019	0.0001	-0.0058	0.0535
223	0.0164	-0.0016	-0.0006	-0.0006	-0.0003	-0.0021	-0.0006	-0.0042	-0.0006	0.0150	-0.0016	-0.0009	0.0212	-0.0013	-0.0006	-0.0144	-0.0170	-0.0033	-0.0007	-0.0022	0.0527
96	-0.0127	0.0006	-0.0040	0.0456	0.0019	-0.0173	-0.0011	-0.0005	-0.0014	-0.0005	0.0020	-0.0002	-0.0005	-0.0042	-0.0005	-0.0078	-0.0006	-0.0005	0.0018	0.0000	0.0519
39	-0.0151	0.0028	-0.0029	0.0278	0.0043	-0.0046	0.0008	0.0013	-0.0012	-0.0030	0.0044	0.0014	-0.0006	-0.0035	-0.0015	-0.0072	-0.0058	-0.0046	0.0041	0.0031	0.0500
209	-0.0003	-0.0003	-0.0003	-0.0008	-0.0004	-0.0003	-0.0003	-0.0004	-0.0431	-0.0003	-0.0003	-0.0003	-0.0003	-0.0003	0.0487	-0.0003	-0.0003	-0.0003	-0.0003	-0.0000	0.0487
43	-0.0032	-0.0004	-0.0005	-0.0005	0.0013	-0.0012	-0.0010	-0.0113	-0.0005	-0.0122	0.0461	-0.0005	-0.0005	-0.0011	-0.0005	-0.0005	-0.0032	-0.0116	0.0012	0.0000	0.0487
50	-0.0117	0.0007	-0.0006	-0.0006	0.0015	-0.0024	-0.0009	-0.0014	-0.0006	0.0174	0.0251	-0.0003	-0.0126	-0.0016	-0.0006	-0.0081	-0.0071	0.0029	0.0008	0.0000	0.0484
189	-0.0053	0.0055	0.0120	-0.0032	0.0075	-0.0149	-0.0016	0.0038	0.0027	-0.0004	0.0077	-0.0023	-0.0038	0.0019	-0.0009	-0.0074	-0.0052	-0.0033	0.0073	0.0000	0.0484
24	-0.0087	0.0021	-0.0005	-0.0014	0.0031	-0.0005	-0.0005	-0.0031	-0.0005	0.0128	0.0300	-0.0005	-0.0005	-0.0038	-0.0005	-0.0016	-0.0193	-0.0060	-0.0005	0.0001	0.0481
164	-0.0207	0.0022	0.0005	-0.0006	0.0034	-0.0053	-0.0006	-0.0027	-0.0006	-0.0031	-0.0006	-0.0003	-0.0006	-0.0015	-0.0006	-0.0086	0.0416	-0.0013	-0.0006	0.0000	0.0477
26	-0.0123	-0.0009	-0.0006	-0.0006	-0.0017	-0.0010	-0.0013	-0.0035	-0.0006	0.0450	0.0004	-0.0006	-0.0006	-0.0006	-0.0014	-0.0022	-0.0104	-0.0089	0.0014	0.0003	0.0471
11	0.0038	-0.0046	0.0024	-0.0006	-0.0028	0.0223	-0.0006	-0.0058	-0.0006	-0.0086	-0.0005	0.0024	-0.0006	-0.0059	-0.0006	0.0152	-0.0051	-0.0070	-0.0029	-0.0000	0.0461
191	-0.0145	0.0046	-0.0005	-0.0006	-0.0010	-0.0021	0.0030	-0.0109	0.0029	-0.0058	0.0059	0.0036	-0.0021	0.0023	-0.0026	-0.0034	-0.0023	0.0175	0.0058	0.0001	0.0458
124	-0.0022	0.0011	-0.0023	-0.0022	-0.0006	-0.0057	-0.0026	-0.0063	-0.0016	-0.0013	0.0017	-0.0011	-0.0006	0.0005	-0.0086	-0.0091	0.0418	-0.0005	-0.0005	0.0000	0.0452
137	-0.0073	0.0008	-0.0006	-0.0006	-0.0107	-0.0006	-0.0021	-0.0007	-0.0006	0.0422	0.0018	-0.0013	-0.0006	-0.0007	-0.0006	-0.0071	-0.0064	-0.0047	-0.0006	0.0000	0.0448
59	-0.0154	0.0017	-0.0011	-0.0012	-0.0022	-0.0017	0.0000	0.0315	-0.0001	-0.0013	-0.0029	0.0006	-0.0006	-0.0008	-0.0029	-0.0070	-0.0059	0.0060	0.0030	0.0004	0.0432
221	-0.0153	0.0035	-0.0005	-0.0005	-0.0005	-0.0005	-0.0005	0.0200	-0.0005	-0.0050	0.0045	-0.0005	-0.0005	-0.0005	-0.0005	-0.0005	-0.0160	0.0142	-0.0005	0.0000	0.0423
58	-0.0053	-0.0009	-0.0008	-0.0017	0.0028	-0.0024	-0.0044	0.0008	0.0003	-0.0055	0.0029	0.0008	-0.0006	-0.0049	0.0326	-0.0089	-0.0021	-0.0022	-0.0013	0.0009	0.0411
127	-0.0101	0.0002	-0.0006	-0.0006	-0.0033	-0.0006	-0.0006	-0.0013	-0.0006	0.0394	-0.0006	-0.0006	-0.0006	-0.0018	-0.0006	-0.0014	-0.0085	-0.0075	-0.0013	0.0007	0.0404
178	-0.0074	-0.0010	-0.0006	-0.0006	-0.0006	-0.0045	0.0010	-0.0006	0.0010	-0.0057	0.0035	0.0015	-0.0006	-0.0026	-0.0048	0.0331	-0.0100	-0.0006	-0.0006	0.0001	0.0401
179	-0.0050	0.0011	-0.0006	-0.0049	-0.0006	-0.0100	-0.0037	0.0004	-0.0018	-0.0012	0.0022	0.0004	-0.0006	0.0198	0.0158	-0.0050	-0.0041	-0.0014	-0.0006	0.0000	0.0397
240	-0.0121	0.0018	0.0251	0.0014	0.0035	0.0042	-0.0033	-0.0006	-0.0023	-0.0034	0.0037	-0.0005	-0.0008	-0.0006	-0.0036	-0.0076	-0.0025	-0.0008	-0.0015	0.0000	0.0396
40	-0.0028	-0.0023	-0.0006	0.0014	0.0039	-0.0006	-0.0056	0.0023	0.0019	-0.0027	0.0040	0.0022	-0.0099	0.0011	0.0177	-0.0132	-0.0018	0.0006	0.0037	0.0005	0.0395
25	-0.0111	0.0039	0.0181	-0.0017	0.0055	-0.0029	-0.0059	-0.0007	-0.0004	-0.0008	0.0056	-0.0074	-0.0004	0.0008	-0.0004	-0.0065	-0.0007	-0.0005	0.0054	0.0000	0.0394
234	-0.0163	0.0041	-0.0005	-0.0005	0.0058	-0.0005	-0.0005	0.0007	-0.0005	-0.0080	-0.0022	-0.0005	-0.0005	-0.0005	-0.0005	-0.0007	-0.0076	0.0224	0.0058	0.0000	0.0388
131	-0.0125	-0.0019	0.0152	-0.0026	0.0041	0.0111	0.0011	-0.0005	0.0009	-0.0007	0.0043	0.0016	-0.0010	0.0002	-0.0034	-0.0140	-0.0010	-0.0005	-0.0005	0.0000	0.0386
117	-0.0029	-0.0021	-0.0005	-0.0005	0.0229	-0.0005	-0.0005	0.0156	-0.0005	-0.0128	-0.0016	-0.0005	-0.0005	-0.0019	-0.0005	-0.0010	-0.0033	-0.0064	-0.0005	-0.0016	0.0385
66	-0.0051	0.0037	0.0017	0.0006	0.0026	-0.0023	-0.0027	0.0011	-0.0007	0.0151	0.0050	0.0023	-0.0096	-0.0035	-0.0022	-0.0030	-0.0032	-0.0053	0.0053	0.0001	0.0375
161	-0.0032	-0.0011	-0.0005	-0.0005	0.0033	-0.0005	-0.0005	-0.0090	-0.0005	-0.0183	0.0196	-0.0005	-0.0005	-0.0005	-0.0005	-0.0005	-0.0005	0.0132	-0.0005	0.0013	0.0374
249	-0.0040	0.0013	0.0202	-0.0017	0.0028	-0.0037	-0.0014	-0.0005	-0.0005	-0.0005	0.0030	0.0072	-0.0005	-0.0011	-0.0005	-0.0133	-0.0091	-0.0007	0.0027	0.0000	0.0373
200	-0.0100	-0.0010	-0.0005	-0.0005	-0.0005	-0.0005	-0.0005	-0.0031	-0.0011	0.0369	0.0001	-0.0005	-0.0005	-0.0005	-0.0005	-0.0013	-0.0079	-0.0072	-0.0005	0.0000	0.0369
165	-0.0117	0.0004	-0.0005	-0.0005	-0.0007	-0.0005	-0.0005	-0.0012	-0.0005	0.0357	-0.0000	-0.0005	-0.0005	-0.0005	-0.0005	-0.0007	-0.0091	-0.0077	-0.0005	0.0003	0.0365
153	-0.0042	-0.0037	-0.0006	0.0006	0.0034	-0.0015	-0.0093	-0.0006	0.0011	-0.0054	0.0035	0.0016	-0.0006	0.0003	0.0203	-0.0084	-0.0015	-0.0004	0.0031	0.0024	0.0363
72	-0.0005	-0.0005	-0.0005	-0.0005	0.0018	-0.0005	-0.0012	-0.0031	-0.0005	-0.0153	0.0032	-0.0005	-0.0009	-0.0005	-0.0005	-0.0005	-0.0005	-0.0093	0.0027	0.0274	0.0352
8	-0.0192	0.0010	-0.0005	-0.0005	-0.0005	-0.0005	-0.0005	0.0161	-0.0005	-0.0092	0.0068	-0.0005	-0.0005	-0.0005	-0.0005	-0.0005	-0.0008	0.0108	-0.0005	0.0000	0.0347
92	-0.0046	0.0023	-0.0006	-0.0004	0.0040	-0.0004	-0.0004	-0.0089	-0.0011	-0.0079	0.0243	-0.0004	-0.0004	-0.0013	-0.0021	-0.0016	-0.0010	-0.0034	0.0039	0.0000	0.0345
208	-0.0072	0.0039	0.0087	-0.0059	0.0058	-0.0026	-0.0018	0.0022	0.0014	-0.0019	0.0060	-0.0032	-0.0012	0.0003	-0.0006	-0.0044	-0.0039	-0.0015	0.0057	0.0000	0.0340
235	-0.0146	0.0032	-0.0005	-0.0005	-0.0005	-0.0031	-0.0005	-0.0004	-0.0005	-0.0021	-0.0006	-0.0005	-0.0005	-0.0005	-0.0005	-0.0019	-0.0066	0.0308	-0.0005	0.0000	0.0340
49	-0.0139	0.0018	-0.0005	-0.0041	-0.0005	-0.0005	-0.0005	-0.0034	0.0006	-0.0022	0.0019	-0.0005	-0.0006	-0.0005	-0.0005	-0.0045	-0.0014	0.0266	0.0027	0.0000	0.0336
93	-0.0096	0.0020	0.0006	-0.0005	0.0031	-0.0005	-0.0005	-0.0021	-0.0027	-0.0031	-0.0021	0.0009	-0.0023	-0.0003	-0.0010	-0.0070	0.0239	-0.0014	0.0030	0.0000	0.0334
201	-0.0033	0.0030	0.0020	0.0014	0.0038	-0.0023	0.0019	0.0022	0.0018	-0.0032	0.0038	0.0023	0.0055	-0.0022	-0.0074	-0.0076	-0.0059	0.0006	0.0036	0.0000	0.0320
70	-0.0014	-0.0002	-0.0005	-0.0007	-0.0019	-0.0005	-0.0005	0.0303	-0.0005	-0.0099	-0.0022	-0.0005	-0.0005	-0.0009	-0.0005	-0.0005	-0.0012	-0.0095	0.0012	0.0001	0.0316
237	-0.0005	-0.0009	-0.0005	-0.0005	0.0004	-0.0005	-0.0005	-0.0026	-0.0005	-0.0113	0.0019	-0.0005	-0.0005	-0.0005	-0.0005	-0.0005	-0.0009	-0.0099	-0.0005	0.0291	0.0314
108	-0.0093	-0.0016	-0.0012	-0.0009	-0.0003	-0.0091	-0.0005	0.0049	-0.0005	-0.0033	-0.0009	0.0064	-0.0005	-0.0005	-0.0005	0.0093	0.0106	-0.0021	-0.0000	0.0000	0.0312
169	-0.0023	-0.0002	-0.0005	-0.0005	-0.0004	-0.0005	-0.0006	-0.0031	-0.0005	0.0291	0.0007	-0.0005	-0.0005	-0.0005	-0.0005	-0.0006	-0.0107	-0.0087	0.0005	0.0007	0.0310
101	0.0194	0.0017	-0.0005	-0.0005	0.0023	-0.0081	0.0007	-0.0005	0.0006	-0.0005	0.0025	0.0009	-0.0005	-0.0005	-0.0005	-0.0048	-0.0065	-0.0079	0.0024	0.0000	0.0304
136	-0.0019	-0.0044	-0.0002	-0.0006	0.0021	-0.0010	-0.0049	0.0003	-0.0000	-0.0014	0.0022	0.0003	-0.0010	-0.0006	0.0236	-0.0088	-0.0040	-0.0015	0.0019	0.0000	0.0304
82	-0.0035	0.0027	0.0018	0.0013	0.0035	-0.0023	0.0017	0.0020	0.0017	-0.0067	0.0036	0.0021	0.0050	-0.0027	-0.0050	-0.0047	-0.0045	0.0005	0.0034	0.0000	0.0293
120	-0.0065	0.0028	0.0017	0.0012	0.0035	-0.0027	0.0008	0.0019	0.0016	-0.0064	0.0036	0.0020	0.0063	-0.0004	-0.0031	-0.0052	-0.0049	0.0003	0.0035	0.0000	0.0293
29	-0.0061	-0.0005	-0.0042	0.0012	0.0041	0.0074	0.0019	-0.0005	0.0020	-0.0009	0.0042	0.0024	-0.0019	0.0015	-0.0041	-0.0071	-0.0020	-0.0015	0.0040	0.0001	0.0288
52	-0.0055	0.0212	-0.0007	-0.0013	-0.0005	-0.0093	-0.0005	0.0023	-0.0005	-0.0012	0.0050	-0.0005	-0.0005	-0.0005	-0.0005	-0.0024	-0.0040	-0.0003	-0.0005	0.0000	0.0285
206	-0.0008	0.0026	-0.0004	-0.0004	-0.0008	-0.0004	-0.0004	0.0181	-0.0004	-0.0136	0.0027	-0.0004	-0.0004	-0.0004	-0.0004	-0.0004	-0.0004	-0.0080	0.0046	0.0000	0.0280
118	-0.0049	0.0015	-0.0012	-0.0031	0.0040	0.0061	0.0017	0.0021	0.0016	-0.0014	0.0041	0.0021	-0.0004	0.0011	-0.0047	-0.0087	-0.0025	-0.0010	0.0037	0.0000	0.0279
68	-0.0040	-0.0017	0.0010	0.0004	0.0031	-0.0014	-0.0015	0.0013	0.0009	-0.0020	0.0032	0.0014	-0.0005	-0.0083	0.0143	-0.0045	-0.0030	-0.0010	0.0022	0.0000	0.0278
55	-0.0037	0.0003	-0.0005	-0.0005	0.0016	-0.0005	-0.0005	-0.0001	-0.0005	-0.0101	-0.0010	-0.0005	-0.0005	-0.0005	-0.0005	-0.0005	-0.0084	0.0243	0.0016	0.0000	0.0278
220	-0.0007	0.0011	-0.0005	-0.0004	-0.0030	-0.0004	-0.0004	0.0242	-0.0004	-0.0069	-0.0040	-0.0004	-0.0004	-0.0006	-0.0004	-0.0004	-0.0015	-0.0071	0.0024	0.0001	0.0278
192	0.0072	0.0026	-0.0009	-0.0013	0.0033	-0.0044	0.0016	0.0017	0.0014	-0.0004	0.0034	0.0019	-0.0028	0.0011	-0.0023	-0.0036	-0.0089	-0.0029	0.0033	0.0000	0.0275
53	-0.0053	-0.0044	-0.0004	-0.0004	0.0021	0.0205	-0.0004	0.0005	-0.0004	-0.0018	0.0021	-0.0004	-0.0004	-0.0004	-0.0004	-0.0074	-0.0031	-0.0017	0.0019	0.0000	0.0272
142	-0.0025	0.0023	0.0011	-0.0006	0.0032	-0.0022	0.0010	0.0012	-0.0043	-0.0046	-0.0011	0.0014	0.0062	-0.0042	-0.0032	-0.0030	0.0105	-0.0006	-0.0006	0.0000	0.0270
60	-0.0039	-0.0005	0.0160	-0.0034	0.0036	-0.0026	-0.0011	-0.0008	-0.0004	-0.0004	0.0038	-0.0028	-0.0004	-0.0011	-0.0008	-0.0050	-0.0024	-0.0011	0.0035	0.0000	0.0269
241	-0.0083	-0.0008	-0.0011	-0.0010	0.0009	0.0071	-0.0011	0.0052	-0.0028	-0.0006	-0.0012	-0.0016	-0.0005	-0.0008	-0.0027	-0.0026	0.0123	-0.0017	0.0013	0.0000	0.0267
112	-0.0022	-0.0014	-0.0005	-0.0016	-0.0037	-0.0005	-0.0005	0.0013	-0.0020	0.0221	0.0031	-0.0005	-0.0005	-0.0067	-0.0005	-0.0005	-0.0030	-0.0023	-0.0005	0.0000	0.0266
174	-0.0036	0.0028	0.0012	-0.0005	0.0011	-0.0017	-0.0022	0.0006	0.0010	0.0093	0.0037	0.0017	-0.0012	-0.0018	-0.0039	-0.0033	-0.0020	-0.0055	0.0041	0.0001	0.0257
151	-0.0013	0.0026	0.0089	-0.0040	0.0044	-0.0046	-0.0006	0.0009	-0.0005	-0.0006	0.0046	-0.0023	-0.0004	-0.0010	-0.0005	-0.0068	-0.0025	-0.0006	0.0043	0.0000	0.0257
114	-0.0023	0.0013	-0.0005	-0.0005	0.0027	-0.0005	-0.0005	-0.0003	-0.0005	0.0159	0.0013	-0.0001	-0.0005	-0.0014	-0.0005	-0.0024	-0.0080	-0.0076	0.0026	0.0017	0.0256
110	0.0217	0.0003	-0.0012	-0.0004	0.0012	-0.0059	-0.0004	-0.0004	-0.0004	-0.0004	0.0012	-0.0004	-0.0004	-0.0004	-0.0004	-0.0056	-0.0082	-0.0006	0.0011	0.0000	0.0255
186	-0.0006	0.0014	-0.0003	-0.0003	0.0054	-0.0003	-0.0003	-0.0003	-0.0003	-0.0205	0.0136	-0.0003	-0.0003	-0.0003	-0.0003	-0.0003	-0.0003	-0.0003	0.0050	0.0000	0.0254
17	0.0088	-0.0025	0.0026	0.0032	0.0002	0.0058	-0.0005	-0.0008	-0.0005	-0.0006	0.0006	-0.0014	-0.0005	-0.0016	-0.0005	-0.0075	-0.0086	0.0033	0.0003	0.0000	0.0250
77	-0.0007	-0.0002	-0.0005	-0.0005	-0.0032	-0.0005	-0.0011	-0.0014	-0.0010	0.0241	0.0003	-0.0005	-0.0005	-0.0019	-0.0006	-0.0010	-0.0011	-0.0067	-0.0029	0.0000	0.0244
98	-0.0128	0.0119	-0.0003	-0.0003	-0.0003	-0.0027	-0.0003	0.0030	-0.0003	-0.0031	0.0084	-0.0003	-0.0003	0.0002	-0.0003	-0.0010	-0.0003	-0.0005	-0.0004	0.0000	0.0235
255	-0.0004	-0.0004	-0.0004	-0.0004	-0.0004	-0.0004	-0.0004	0.0195	-0.0004	-0.0097	0.0008	-0.0004	-0.0004	-0.0004	-0.0004	-0.0004	-0.0004	-0.0077	0.0032	0.0000	0.0235
168	-0.0013	-0.0017	-0.0005	-0.0005	0.0010	-0.0005	-0.0005	-0.0033	-0.0005	0.0209	0.0009	-0.0005	-0.0005	-0.0005	-0.0005	-0.0005	-0.0015	-0.0091	-0.0012	0.0001	0.0229
256	-0.0051	-0.0011	-0.0004	-0.0008	0.0023	0.0134	0.0006	0.0008	0.0005	-0.0020	0.0024	0.0005	-0.0004	-0.0004	-0.0004	-0.0077	-0.0028	-0.0016	0.0022	0.0000	0.0227
84	-0.0052	-0.0035	-0.0005	-0.0005	-0.0002	-0.0005	-0.0005	0.0008	0.0011	-0.0019	-0.0003	0.0027	-0.0005	-0.0005	0.0180	-0.0027	-0.0033	-0.0021	-0.0004	-0.0000	0.0227
102	-0.0005	-0.0005	-0.0005	-0.0005	-0.0005	-0.0005	-0.0005	0.0154	-0.0005	-0.0101	-0.0013	-0.0005	-0.0005	-0.0005	-0.0005	-0.0005	-0.0024	0.0049	-0.0005	0.0000	0.0202
100	0.0078	0.0017	-0.0004	-0.0004	0.0024	-0.0054	0.0007	0.0009	0.0006	-0.0004	0.0025	0.0010	-0.0004	0.0002	-0.0004	-0.0041	-0.0033	-0.0053	0.0024	0.0000	0.0202
119	-0.0031	0.0008	-0.0023	-0.0033	0.0031	0.0043	0.0012	0.0015	0.0009	-0.0003	0.0031	0.0015	-0.0003	0.0006	-0.0006	-0.0068	-0.0024	-0.0008	0.0029	0.0000	0.0199
42	-0.0065	0.0020	0.0011	0.0006	0.0027	-0.0004	-0.0015	0.0013	0.0010	-0.0009	0.0028	0.0014	0.0040	-0.0007	-0.0003	-0.0081	-0.0010	-0.0002	0.0027	0.0000	0.0196
162	0.0117	0.0011	-0.0004	-0.0004	0.0018	-0.0049	0.0002	-0.0004	-0.0004	-0.0004	0.0019	0.0006	-0.0004	-0.0004	-0.0004	-0.0051	-0.0004	-0.0053	0.0018	0.0000	0.0190
217	-0.0016	-0.0011	-0.0006	-0.0020	-0.0005	0.0068	-0.0017	-0.0005	-0.0009	-0.0005	-0.0005	-0.0010	0.0054	-0.0020	-0.0005	0.0064	-0.0043	-0.0005	-0.0005	0.0000	0.0186
36	-0.0018	-0.0044	-0.0005	-0.0005	0.0020	-0.0005	-0.0057	0.0003	-0.0003	-0.0005	0.0022	0.0001	-0.0005	-0.0013	0.0122	-0.0019	-0.0005	-0.0005	0.0018	0.0000	0.0185
197	-0.0015	-0.0026	0.0011	0.0010	0.0025	-0.0015	-0.0060	0.0015	0.0013	-0.0032	0.0027	0.0014	-0.0014	0.0007	0.0034	-0.0011	-0.0009	0.0004	0.0024	0.0000	0.0184
97	-0.0035	-0.0025	-0.0004	-0.0004	0.0176	-0.0004	-0.0004	-0.0023	-0.0004	0.0002	-0.0015	-0.0004	-0.0004	-0.0004	-0.0004	-0.0008	-0.0007	-0.0029	-0.0004	-0.0000	0.0178
20	-0.0056	-0.0006	-0.0005	0.0003	0.0029	0.0045	0.0010	0.0012	0.0010	-0.0003	0.0030	0.0006	-0.0003	0.0005	-0.0003	-0.0091	-0.0003	-0.0007	0.0028	0.0000	0.0178
12	-0.0071	0.0019	-0.0017	0.0064	0.0031	-0.0016	-0.0004	-0.0004	-0.0004	-0.0004	0.0032	-0.0004	-0.0004	-0.0016	-0.0004	-0.0010	-0.0007	-0.0015	0.0030	0.0000	0.0177
219	-0.0051	-0.0007	-0.0004	-0.0004	0.0021	0.0096	0.0004	0.0007	0.0004	-0.0004	0.0022	0.0006	-0.0004	-0.0004	-0.0004	-0.0066	-0.0004	-0.0004	-0.0004	0.0000	0.0160
196	-0.0005	-0.0005	-0.0005	-0.0005	-0.0003	-0.0005	-0.0005	0.0089	-0.0005	0.0018	0.0051	-0.0005	-0.0007	-0.0006	-0.0005	-0.0005	-0.0005	-0.0088	-0.0003	0.0000	0.0158
185	-0.0010	-0.0006	-0.0025	-0.0010	0.0027	-0.0004	-0.0007	-0.0007	-0.0004	-0.0058	0.0031	-0.0004	-0.0004	-0.0004	-0.0004	-0.0007	-0.0004	-0.0004	0.0100	0.0001	0.0158
91	-0.0041	-0.0010	-0.0021	0.0002	0.0026	0.0038	0.0008	0.0011	0.0007	-0.0006	0.0027	0.0012	-0.0009	0.0003	-0.0007	-0.0045	-0.0015	-0.0003	0.0025	0.0000	0.0157
207	0.0118	0.0003	-0.0004	-0.0004	0.0011	-0.0070	-0.0004	-0.0005	-0.0004	-0.0008	0.0013	-0.0003	-0.0004	-0.0004	-0.0004	-0.0020	-0.0004	-0.0017	0.0011	0.0000	0.0155
156	-0.0031	0.0018	-0.0004	-0.0004	0.0026	-0.0004	0.0008	-0.0024	-0.0004	-0.0005	-0.0005	-0.0008	-0.0004	-0.0004	-0.0004	-0.0049	0.0076	-0.0005	0.0026	0.0000	0.0154
81	-0.0051	0.0014	0.0006	0.0001	0.0021	-0.0034	0.0005	0.0008	0.0004	-0.0004	0.0023	0.0009	-0.0004	0.0000	-0.0007	0.0059	-0.0042	-0.0005	-0.0004	0.0000	0.0151
155	-0.0024	0.0010	-0.0004	-0.0005	0.0017	-0.0004	-0.0001	-0.0017	-0.0002	-0.0004	0.0018	-0.0004	-0.0004	-0.0006	-0.0004	-0.0062	0.0086	-0.0009	0.0017	0.0000	0.0148
135	-0.0027	0.0006	-0.0004	-0.0004	0.0013	-0.0009	-0.0004	-0.0004	-0.0004	-0.0004	0.0012	-0.0004	-0.0004	-0.0004	-0.0004	-0.0063	0.0101	-0.0009	0.0013	0.0000	0.0145
210	-0.0053	-0.0004	-0.0004	-0.0004	-0.0004	-0.0041	-0.0004	-0.0004	-0.0004	-0.0004	0.0009	-0.0004	0.0045	-0.0004	-0.0004	0.0026	0.0054	-0.0004	0.0008	0.0000	0.0143
158	-0.0075	0.0014	0.0004	-0.0002	0.0022	-0.0007	-0.0004	0.0006	0.0003	-0.0006	0.0023	0.0007	0.0039	-0.0004	-0.0004	-0.0012	-0.0017	-0.0009	0.0021	0.0000	0.0139
107	-0.0003	0.0004	-0.0040	-0.0003	0.0025	-0.0010	-0.0003	-0.0003	-0.0005	-0.0003	0.0027	0.0053	-0.0003	-0.0003	-0.0003	-0.0048	-0.0003	-0.0003	0.0023	0.0000	0.0132
211	-0.0057	0.0011	0.0000	-0.0008	0.0019	0.0053	0.0001	0.0004	0.0000	-0.0004	0.0020	0.0005	-0.0004	-0.0004	-0.0004	-0.0041	-0.0004	-0.0006	0.0017	0.0000	0.0130
41	-0.0003	-0.0003	-0.0005	-0.0003	0.0093	-0.0003	-0.0005	-0.0003	-0.0003	-0.0003	0.0026	-0.0003	-0.0003	-0.0003	-0.0003	-0.0003	-0.0004	-0.0010	-0.0004	-0.0056	0.0119
182	-0.0004	-0.0004	-0.0004	-0.0004	-0.0017	-0.0004	-0.0004	-0.0013	-0.0004	0.0096	0.0018	-0.0004	-0.0004	-0.0004	-0.0004	-0.0004	-0.0004	-0.0034	0.0003	0.0000	0.0117
232	-0.0009	-0.0007	0.0004	0.0001	0.0017	-0.0004	-0.0036	0.0006	0.0003	-0.0032	0.0018	0.0007	-0.0004	-0.0003	0.0044	-0.0004	-0.0011	-0.0005	0.0015	0.0000	0.0116
56	-0.0008	0.0010	-0.0004	-0.0004	-0.0005	-0.0004	-0.0004	-0.0019	-0.0004	0.0068	0.0022	-0.0002	-0.0004	-0.0004	-0.0004	-0.0005	-0.0010	-0.0033	0.0013	0.0000	0.0113
132	-0.0003	0.0010	0.0034	-0.0042	0.0022	-0.0003	-0.0003	-0.0001	-0.0003	-0.0003	0.0023	-0.0029	-0.0005	-0.0003	-0.0003	-0.0003	-0.0006	-0.0003	0.0021	0.0000	0.0110
216	-0.0025	0.0004	-0.0003	-0.0011	0.0015	0.0031	0.0006	0.0007	0.0005	-0.0004	0.0015	0.0008	-0.0003	0.0004	-0.0014	-0.0035	-0.0005	-0.0004	0.0009	0.0000	0.0104
109	0.0017	0.0009	-0.0003	-0.0003	0.0013	-0.0017	0.0004	0.0005	0.0004	-0.0003	0.0014	0.0006	-0.0007	0.0002	-0.0003	-0.0025	-0.0013	-0.0015	0.0013	0.0000	0.0088
225	-0.0012	-0.0006	-0.0004	-0.0025	0.0020	0.0030	0.0001	0.0004	0.0000	-0.0003	0.0020	0.0005	-0.0003	-0.0003	-0.0015	-0.0007	-0.0003	-0.0003	0.0003	0.0000	0.0082
123	-0.0011	-0.0002	-0.0004	-0.0005	0.0012	-0.0005	-0.0004	0.0010	-0.0004	0.0033	0.0011	-0.0003	-0.0005	-0.0005	-0.0005	-0.0005	-0.0005	0.0004	-0.0005	0.0000	0.0069
45	-0.0003	-0.0013	0.0001	-0.0002	0.0013	-0.0006	0.0001	-0.0013	0.0000	-0.0003	0.0013	-0.0012	-0.0003	-0.0002	-0.0003	0.0026	-0.0003	-0.0004	0.0013	0.0000	0.0067
204	-0.0003	-0.0005	-0.0003	-0.0003	-0.0005	-0.0003	-0.0003	-0.0006	-0.0003	-0.0003	-0.0003	-0.0005	-0.0003	-0.0003	-0.0003	-0.0003	-0.0003	-0.0003	0.0067	0.0000	0.0067
106	-0.0003	0.0001	0.0035	-0.0018	0.0008	-0.0004	-0.0003	-0.0003	-0.0003	-0.0003	0.0009	-0.0003	-0.0003	-0.0003	-0.0003	-0.0003	-0.0004	-0.0006	0.0008	0.0000	0.0061
64	-0.0010	-0.0001	0.0007	0.0025	0.0004	-0.0006	-0.0002	0.0006	-0.0006	0.0005	0.0007	-0.0002	-0.0006	-0.0006	-0.0006	-0.0005	-0.0004	0.0002	-0.0001	0.0000	0.0055
154	-0.0007	-0.0003	0.0033	-0.0009	0.0007	-0.0003	-0.0003	-0.0003	-0.0003	-0.0003	0.0008	-0.0003	-0.0003	-0.0003	-0.0003	-0.0003	-0.0003	-0.0003	0.0006	0.0000	0.0054
236	-0.0005	0.0003	-0.0002	-0.0002	-0.0001	-0.0005	-0.0002	0.0026	-0.0002	0.0009	0.0005	-0.0005	-0.0005	-0.0002	-0.0005	-0.0005	-0.0012	0.0010	-0.0001	0.0000	0.0052
19	-0.0011	-0.0001	-0.0002	-0.0005	0.0009	-0.0005	-0.0002	0.0005	-0.0002	0.0005	0.0009	-0.0002	-0.0005	-0.0002	-0.0005	-0.0005	-0.0004	0.0021	0.0001	0.0000	0.0051
259	0.0001	0.0002	-0.0002	-0.0003	0.0002	-0.0006	-0.0002	0.0007	-0.0002	0.0025	0.0006	-0.0002	-0.0006	-0.0011	-0.0006	-0.0006	-0.0001	0.0004	-0.0001	0.0000	0.0047
224	-0.0004	-0.0001	-0.0002	-0.0002	-0.0003	-0.0004	-0.0005	0.0011	-0.0002	0.0017	0.0013	-0.0001	-0.0005	-0.0005	-0.0005	-0.0005	-0.0004	0.0005	-0.0001	0.0000	0.0047
51	-0.0004	-0.0001	-0.0002	-0.0002	-0.0003	-0.0004	-0.0004	-0.0002	-0.0002	0.0027	0.0009	-0.0001	-0.0004	-0.0004	-0.0004	-0.0004	-0.0004	0.0010	-0.0001	0.0000	0.0046
144	-0.0005	0.0009	-0.0002	-0.0002	-0.0001	-0.0005	-0.0002	0.0007	-0.0002	0.0019	0.0005	-0.0002	-0.0005	-0.0005	-0.0005	-0.0005	-0.0004	0.0006	-0.0001	0.0000	0.0045
48	-0.0003	-0.0003	-0.0003	-0.0003	0.0005	-0.0003	-0.0004	-0.0003	0.0029	-0.0003	0.0006	-0.0003	-0.0003	-0.0003	-0.0003	-0.0003	-0.0004	-0.0003	0.0005	0.0000	0.0044
94	-0.0005	-0.0001	-0.0004	-0.0005	-0.0002	-0.0005	-0.0002	0.0014	-0.0002	0.0007	0.0008	-0.0001	-0.0004	-0.0002	-0.0005	-0.0004	-0.0003	0.0015	-0.0001	0.0000	0.0044
233	-0.0004	-0.0001	-0.0002	-0.0002	-0.0002	-0.0004	-0.0002	0.0023	-0.0002	0.0008	0.0000	-0.0004	-0.0004	-0.0002	-0.0004	-0.0004	-0.0004	0.0011	-0.0001	0.0000	0.0043
263	0.0000	0.0000	0.0000	0.0000	0.0000	0.0000	0.0000	0.0000	0.0000	0.0000	0.0000	0.0000	0.0000	0.0000	0.0000	0.0000	0.0000	0.0000	0.0000	0.0000	0.0000
262	0.0000	0.0000	0.0000	0.0000	0.0000	0.0000	0.0000	0.0000	0.0000	0.0000	0.0000	0.0000	0.0000	0.0000	0.0000	0.0000	0.0000	0.0000	0.0000	0.0000	0.0000
222	0.0000	0.0000	0.0000	0.0000	0.0000	0.0000	0.0000	0.0000	0.0000	0.0000	0.0000	0.0000	0.0000	0.0000	0.0000	0.0000	0.0000	0.0000	0.0000	0.0000	0.0000