# Omega fit to each site after fixing tree and all other parameters.
# Fits compared to null model of omega = 1.
# P-values NOT corrected for multiple testing, so consider Q-values too.
# Q-values computed separately for omega > and < 1 # Will fit different synonymous rate for each site.
#
site	omega	P	dLnL	Q
248	20.028	0.000594	5.897	0.151
213	31.705	0.00115	5.285	0.151
218	100.000	0.00261	4.532	0.229
139	100.000	0.00469	3.997	0.309
233	0.000	0.00162	4.969	0.426
46	79.725	0.0226	2.599	0.849
209	100.000	0.0179	2.804	0.849
105	89.567	0.0216	2.638	0.849
146	0.000	0.00985	3.330	0.874
87	0.029	0.00997	3.320	0.874
134	0.000	0.0133	3.064	0.875
257	0.000	0.017	2.849	0.894
15	100.000	0.0332	2.268	0.97
141	100.000	0.0309	2.330	0.97
174	0.000	0.532	0.195	1
173	0.682	0.816	0.027	1
175	0.564	0.73	0.060	1
172	0.333	0.525	0.202	1
176	1.010	0.994	0.000	1
177	100.000	0.101	1.341	1
178	0.000	0.277	0.590	1
171	100.000	0.255	0.648	1
181	0.000	0.116	1.234	1
180	0.698	0.82	0.026	1
170	0.000	0.151	1.033	1
182	0.000	0.478	0.251	1
183	1.047	0.984	0.000	1
184	100.000	0.695	0.077	1
185	1.000	1	0.000	1
186	1.000	1	0.000	1
187	100.000	0.311	0.513	1
188	0.606	0.819	0.026	1
189	1.000	1	0.000	1
190	0.302	0.31	0.516	1
191	0.000	0.464	0.268	1
192	0.000	0.481	0.248	1
179	1.125	0.94	0.003	1
169	0.000	0.233	0.711	1
164	0.000	0.171	0.936	1
167	0.000	0.0495	1.928	1
136	0.000	0.971	0.001	1
137	0.000	0.972	0.001	1
138	13.278	0.221	0.748	1
140	100.000	0.535	0.192	1
142	89.914	0.121	1.201	1
143	0.262	0.438	0.301	1
144	1.000	1	0.000	1
145	100.000	0.0555	1.834	1
147	0.000	0.143	1.072	1
148	0.206	0.348	0.441	1
149	0.000	0.108	1.293	1
150	94.966	0.236	0.701	1
151	1.000	1	0.000	1
168	0.000	0.447	0.289	1
152	0.464	0.733	0.058	1
154	1.000	1	0.000	1
155	1.000	1	0.000	1
156	0.000	0.459	0.275	1
157	7.475	0.422	0.322	1
158	0.000	0.621	0.122	1
159	0.809	0.885	0.011	1
160	1.815	0.781	0.038	1
161	93.837	0.699	0.075	1
162	0.000	0.177	0.910	1
163	0.415	0.538	0.190	1
193	1.000	0.999	0.000	1
165	0.000	0.369	0.404	1
166	0.000	0.957	0.001	1
153	0.000	0.353	0.431	1
194	0.000	0.199	0.824	1
1	96.941	0.332	0.470	1
196	2.515	0.635	0.113	1
232	0.000	0.641	0.109	1
234	0.000	0.314	0.506	1
235	0.000	0.178	0.906	1
236	0.000	0.0481	1.953	1
237	0.000	0.429	0.313	1
238	100.000	0.0552	1.838	1
239	100.000	0.177	0.911	1
240	1.050	0.982	0.000	1
241	0.223	0.106	1.309	1
242	0.429	0.618	0.124	1
243	0.000	0.154	1.018	1
244	0.453	0.626	0.119	1
245	0.000	0.949	0.002	1
246	0.449	0.625	0.119	1
247	0.000	0.0866	1.468	1
249	100.000	0.0557	1.831	1
250	0.424	0.649	0.104	1
251	0.000	0.105	1.315	1
252	100.000	0.344	0.448	1
253	0.585	0.746	0.053	1
254	100.000	0.404	0.349	1
255	0.000	0.139	1.094	1
256	0.000	0.334	0.467	1
258	1.147	0.932	0.004	1
259	1.000	0.999	0.000	1
260	0.000	0.137	1.108	1
261	0.066	0.139	1.096	1
231	2.630	0.682	0.084	1
230	0.626	0.771	0.042	1
229	0.000	0.0741	1.595	1
228	0.726	0.827	0.024	1
197	1.000	1	0.000	1
135	0.000	0.037	2.175	1
199	0.382	0.548	0.180	1
200	0.000	0.307	0.522	1
201	1.000	1	0.000	1
202	0.000	0.0963	1.383	1
203	0.000	0.958	0.001	1
204	1.000	1	0.000	1
205	1.000	0.999	0.000	1
206	0.000	0.3	0.537	1
207	0.000	0.477	0.253	1
208	1.000	1	0.000	1
210	2.696	0.533	0.194	1
195	29.403	0.0735	1.601	1
211	1.000	1	0.000	1
214	0.758	0.747	0.052	1
215	0.551	0.752	0.050	1
216	0.000	0.755	0.049	1
217	4.562	0.283	0.575	1
219	0.000	0.221	0.750	1
220	0.000	0.202	0.814	1
221	0.859	0.926	0.004	1
222	1.000	1	0.000	1
223	4.013	0.384	0.379	1
224	0.000	0.306	0.524	1
225	0.000	0.867	0.014	1
226	0.000	0.243	0.682	1
227	98.284	0.474	0.256	1
212	6.606	0.33	0.474	1
198	0.000	0.132	1.136	1
132	0.000	0.817	0.027	1
262	1.000	1	0.000	1
36	1.000	1	0.000	1
37	100.000	0.301	0.534	1
38	100.000	0.734	0.058	1
39	0.000	0.973	0.001	1
40	0.000	0.383	0.380	1
41	1.000	1	0.000	1
42	0.000	0.786	0.037	1
43	0.000	0.953	0.002	1
44	0.152	0.182	0.891	1
45	1.000	1	0.000	1
47	0.000	0.969	0.001	1
48	1.000	1	0.000	1
49	0.000	0.261	0.632	1
35	2.200	0.73	0.059	1
50	100.000	0.0916	1.423	1
52	0.000	0.535	0.193	1
53	0.000	0.0485	1.947	1
54	0.000	0.226	0.732	1
55	0.000	0.266	0.618	1
56	0.000	0.583	0.150	1
57	0.507	0.673	0.089	1
58	0.000	0.277	0.590	1
59	5.045	0.237	0.699	1
60	0.000	0.277	0.592	1
61	0.000	0.958	0.001	1
62	0.570	0.796	0.034	1
63	100.000	0.658	0.098	1
64	0.000	0.0771	1.562	1
51	0.000	0.452	0.282	1
34	1.237	0.881	0.011	1
33	1.762	0.805	0.030	1
32	0.000	0.219	0.756	1
2	0.000	0.184	0.884	1
3	0.315	0.502	0.225	1
4	99.946	0.29	0.559	1
5	0.000	0.196	0.835	1
6	100.000	0.369	0.404	1
7	100.000	0.375	0.394	1
8	0.608	0.755	0.049	1
9	0.000	0.948	0.002	1
10	2.653	0.331	0.472	1
11	2.610	0.501	0.226	1
12	1.000	1	0.000	1
13	0.471	0.624	0.120	1
14	92.545	0.123	1.187	1
16	2.130	0.657	0.099	1
17	1.210	0.906	0.007	1
18	100.000	0.0434	2.040	1
19	0.000	0.257	0.643	1
20	0.000	0.705	0.072	1
21	4.507	0.511	0.216	1
22	0.165	0.318	0.499	1
23	0.000	0.0693	1.650	1
24	100.000	0.353	0.432	1
25	0.000	0.974	0.001	1
26	0.000	0.244	0.678	1
27	100.000	0.277	0.591	1
28	0.000	0.959	0.001	1
29	0.000	0.597	0.140	1
30	2.732	0.882	0.011	1
31	0.140	0.185	0.879	1
65	0.000	0.0905	1.433	1
133	0.238	0.402	0.351	1
66	0.000	0.4	0.355	1
68	0.000	0.413	0.335	1
103	0.000	0.964	0.001	1
104	0.000	0.941	0.003	1
106	1.000	1	0.000	1
107	1.000	1	0.000	1
108	1.021	0.99	0.000	1
109	0.000	0.666	0.093	1
110	0.000	0.969	0.001	1
111	77.905	0.0441	2.026	1
112	0.000	0.296	0.546	1
113	2.569	0.531	0.196	1
114	1.000	1	0.000	1
115	0.341	0.496	0.232	1
116	0.000	0.0988	1.363	1
102	1.233	0.936	0.003	1
117	90.621	0.144	1.065	1
119	0.000	0.759	0.047	1
120	0.000	0.547	0.181	1
121	1.909	0.655	0.100	1
122	0.388	0.556	0.174	1
123	0.000	0.154	1.015	1
124	0.000	0.305	0.526	1
125	0.000	0.161	0.981	1
126	91.321	0.373	0.397	1
127	0.000	0.968	0.001	1
128	100.000	0.438	0.300	1
129	100.000	0.597	0.140	1
130	0.190	0.707	0.071	1
131	100.000	0.293	0.553	1
118	0.000	0.616	0.126	1
101	0.000	0.97	0.001	1
100	0.000	0.59	0.145	1
99	1.000	1	0.000	1
69	100.000	0.684	0.083	1
70	0.000	0.0928	1.413	1
71	0.000	0.952	0.002	1
72	1.000	1	0.000	1
73	1.815	0.67	0.091	1
74	100.000	0.466	0.266	1
75	100.000	0.544	0.185	1
76	0.000	0.11	1.275	1
77	0.000	0.394	0.363	1
78	0.000	0.141	1.084	1
79	100.000	0.127	1.165	1
80	1.000	1	0.000	1
81	0.000	0.597	0.139	1
82	0.000	0.772	0.042	1
83	0.000	0.957	0.001	1
84	0.831	0.918	0.005	1
85	0.000	0.948	0.002	1
86	0.000	0.0723	1.615	1
88	0.000	0.962	0.001	1
89	0.296	0.443	0.294	1
90	0.000	0.0649	1.704	1
91	0.000	0.763	0.045	1
92	0.000	0.968	0.001	1
93	0.000	0.457	0.277	1
94	2.010	0.79	0.035	1
95	0.468	0.761	0.046	1
96	0.000	0.96	0.001	1
97	0.000	0.74	0.055	1
98	0.000	0.532	0.195	1
67	0.430	0.72	0.064	1
263	1.000	1	0.000	1