# Omega fit to each site after fixing tree and all other parameters.
# Fits compared to null model of omega = 1.
# P-values NOT corrected for multiple testing, so consider Q-values too.
# Q-values computed separately for omega > and < 1 # Will fit different synonymous rate for each site.
#
site	omega	P	dLnL	Q
98	0.000	2.99e-06	10.910	0.000787
233	0.000	2.58e-05	8.854	0.00339
135	0.000	6.73e-05	7.942	0.0059
53	0.000	0.00339	4.291	0.134
158	0.000	0.0022	4.688	0.134
216	0.000	0.00279	4.470	0.134
232	0.000	0.00356	4.248	0.134
87	0.020	0.00478	3.981	0.157
241	0.071	0.00634	3.726	0.185
64	0.000	0.00955	3.358	0.219
236	0.000	0.0102	3.300	0.219
257	0.000	0.0108	3.248	0.219
146	0.000	0.0101	3.306	0.219
219	0.000	0.0119	3.165	0.223
162	0.000	0.0147	2.974	0.258
134	0.000	0.0179	2.803	0.294
220	0.000	0.0858	1.476	0.377
68	0.000	0.0929	1.412	0.377
65	0.000	0.0905	1.433	0.377
76	0.000	0.0826	1.506	0.377
78	0.000	0.0933	1.408	0.377
81	0.000	0.087	1.464	0.377
60	0.000	0.0826	1.506	0.377
86	0.000	0.0679	1.666	0.377
225	0.000	0.0641	1.714	0.377
58	0.000	0.0899	1.438	0.377
70	0.000	0.0415	2.078	0.377
90	0.000	0.0843	1.490	0.377
132	0.000	0.0843	1.490	0.377
206	0.000	0.0873	1.462	0.377
167	0.000	0.0698	1.644	0.377
156	0.000	0.0632	1.726	0.377
169	0.000	0.0792	1.540	0.377
149	0.000	0.0812	1.521	0.377
147	0.000	0.0715	1.624	0.377
178	0.000	0.0373	2.169	0.377
181	0.000	0.0905	1.433	0.377
182	0.000	0.0792	1.540	0.377
123	0.000	0.0275	2.429	0.377
192	0.000	0.0885	1.451	0.377
120	0.000	0.065	1.702	0.377
119	0.000	0.0812	1.520	0.377
118	0.000	0.0812	1.520	0.377
116	0.000	0.0544	1.850	0.377
112	0.000	0.0792	1.540	0.377
109	0.000	0.0254	2.498	0.377
198	0.000	0.0372	2.170	0.377
202	0.000	0.0841	1.492	0.377
56	0.000	0.0792	1.540	0.377
91	0.000	0.0696	1.646	0.377
97	0.000	0.0556	1.831	0.377
164	0.000	0.0544	1.850	0.377
23	0.000	0.0426	2.055	0.377
31	0.067	0.0684	1.660	0.377
42	0.000	0.0812	1.521	0.377
44	0.075	0.0846	1.487	0.377
52	0.000	0.0419	2.070	0.377
237	0.000	0.0498	1.924	0.377
251	0.000	0.0881	1.454	0.377
247	0.000	0.0878	1.457	0.377
255	0.000	0.0415	2.078	0.377
260	0.000	0.0873	1.462	0.377
261	0.044	0.0799	1.534	0.377
229	0.000	0.0679	1.666	0.377
235	0.000	0.0933	1.408	0.377
66	0.000	0.0968	1.378	0.38
26	0.000	0.0968	1.378	0.38
124	0.000	0.112	1.261	0.394
174	0.000	0.113	1.253	0.394
170	0.000	0.114	1.249	0.394
200	0.000	0.113	1.253	0.394
5	0.000	0.114	1.251	0.394
93	0.000	0.115	1.244	0.394
32	0.000	0.113	1.253	0.394
51	0.000	0.115	1.240	0.394
49	0.000	0.113	1.258	0.394
224	0.000	0.114	1.251	0.394
82	0.000	0.134	1.124	0.409
256	0.000	0.131	1.140	0.409
2	0.000	0.134	1.124	0.409
226	0.000	0.134	1.124	0.409
153	0.000	0.123	1.187	0.409
40	0.000	0.123	1.187	0.409
20	0.000	0.131	1.140	0.409
29	0.000	0.131	1.140	0.409
194	0.000	0.134	1.124	0.409
100	0.000	0.143	1.071	0.417
54	0.000	0.142	1.081	0.417
243	0.000	0.144	1.066	0.417
207	0.000	0.143	1.071	0.417
125	0.000	0.143	1.071	0.417
19	0.000	0.155	1.011	0.437
234	0.000	0.158	0.997	0.437
55	0.000	0.158	0.997	0.437
191	0.000	0.157	1.001	0.437
190	0.180	0.174	0.923	0.477
165	0.000	0.189	0.862	0.508
77	0.000	0.189	0.862	0.508
168	0.000	0.206	0.800	0.547
113	0.160	0.258	0.640	0.678
22	0.139	0.289	0.563	0.752
253	0.159	0.304	0.528	0.785
105	0.177	0.318	0.498	0.812
102	0.162	0.34	0.454	0.861
89	0.226	0.358	0.422	0.897
111	0.210	0.371	0.401	0.92
131	0.229	0.4	0.355	0.975
209	0.229	0.4	0.353	0.975
175	0.417	0.603	0.136	1
166	0.000	0.956	0.002	1
227	93.498	0.426	0.317	1
186	0.000	0.941	0.003	1
185	0.000	0.962	0.001	1
252	84.287	0.483	0.246	1
184	95.916	0.702	0.073	1
171	98.697	0.285	0.571	1
172	0.340	0.541	0.187	1
183	1.133	0.958	0.001	1
173	0.683	0.829	0.023	1
259	0.000	0.958	0.001	1
254	100.000	0.457	0.276	1
180	0.453	0.621	0.122	1
258	0.592	0.755	0.049	1
179	0.455	0.622	0.121	1
228	0.750	0.847	0.019	1
177	100.000	0.0967	1.379	1
176	1.010	0.994	0.000	1
187	92.314	0.376	0.392	1
217	1.276	0.901	0.008	1
189	0.000	0.95	0.002	1
238	100.000	0.129	1.153	1
214	0.759	0.749	0.051	1
213	66.829	0.0217	2.633	1
239	92.513	0.21	0.786	1
240	0.371	0.716	0.066	1
212	0.586	0.751	0.050	1
211	0.000	0.959	0.001	1
210	0.493	0.671	0.090	1
218	100.000	0.211	0.782	1
242	0.280	0.431	0.310	1
208	0.000	0.95	0.002	1
205	0.000	0.96	0.001	1
221	0.436	0.608	0.131	1
244	0.417	0.603	0.136	1
204	0.000	0.962	0.001	1
203	0.000	0.95	0.002	1
245	0.000	0.941	0.003	1
223	1.682	0.724	0.062	1
250	0.271	0.545	0.183	1
249	94.901	0.257	0.641	1
193	0.000	0.959	0.001	1
248	10.898	0.00842	3.471	1
215	0.338	0.53	0.197	1
188	0.476	0.74	0.055	1
195	0.312	0.666	0.093	1
246	0.562	0.729	0.060	1
197	0.000	0.956	0.002	1
230	0.383	0.57	0.162	1
199	0.273	0.418	0.328	1
231	1.240	0.924	0.005	1
201	0.000	0.955	0.002	1
196	0.503	0.726	0.062	1
222	1.000	1	0.000	1
1	100.000	0.327	0.481	1
161	99.098	0.876	0.012	1
37	100.000	0.332	0.471	1
38	100.000	0.66	0.097	1
39	0.000	0.952	0.002	1
41	0.000	0.96	0.001	1
43	0.000	0.941	0.003	1
45	0.000	0.949	0.002	1
46	0.428	0.605	0.134	1
47	0.000	0.96	0.001	1
48	0.000	0.955	0.002	1
50	100.000	0.146	1.059	1
57	0.274	0.438	0.301	1
59	17.587	0.342	0.452	1
61	0.000	0.949	0.002	1
62	0.271	0.462	0.271	1
63	100.000	0.625	0.120	1
67	0.336	0.641	0.109	1
69	1.175	0.971	0.001	1
71	0.000	0.951	0.002	1
72	0.000	0.963	0.001	1
73	1.074	0.961	0.001	1
74	100.000	0.505	0.222	1
36	0.000	0.956	0.002	1
75	100.000	0.522	0.205	1
35	1.424	0.893	0.009	1
33	0.944	0.98	0.000	1
3	0.340	0.541	0.187	1
4	100.000	0.368	0.406	1
6	100.000	0.37	0.402	1
7	100.000	0.378	0.388	1
8	0.349	0.539	0.188	1
9	0.000	0.955	0.002	1
10	2.916	0.283	0.576	1
11	1.165	0.915	0.006	1
12	0.000	0.952	0.002	1
13	0.604	0.746	0.052	1
14	100.000	0.167	0.953	1
15	92.437	0.123	1.186	1
16	1.392	0.856	0.017	1
17	0.463	0.662	0.095	1
18	100.000	0.108	1.291	1
21	0.522	0.813	0.028	1
24	100.000	0.483	0.247	1
25	0.000	0.95	0.002	1
27	100.000	0.248	0.666	1
28	0.000	0.949	0.002	1
30	0.797	0.96	0.001	1
34	1.067	0.965	0.001	1
163	0.341	0.511	0.216	1
79	100.000	0.122	1.196	1
83	0.000	0.949	0.002	1
262	1.000	1	0.000	1
133	0.289	0.478	0.252	1
136	0.000	0.956	0.002	1
137	0.000	0.961	0.001	1
138	0.288	0.488	0.241	1
139	100.000	0.027	2.445	1
140	92.161	0.738	0.056	1
141	100.000	0.372	0.398	1
142	100.000	0.366	0.408	1
143	0.294	0.497	0.231	1
144	0.000	0.958	0.001	1
145	95.928	0.445	0.292	1
148	0.301	0.495	0.232	1
150	100.000	0.224	0.740	1
151	0.000	0.944	0.002	1
152	0.435	0.702	0.073	1
154	0.000	0.944	0.002	1
155	0.000	0.951	0.002	1
157	4.414	0.54	0.188	1
159	1.056	0.965	0.001	1
160	1.089	0.964	0.001	1
130	0.124	0.606	0.133	1
80	0.000	0.957	0.001	1
129	100.000	0.646	0.106	1
127	0.000	0.965	0.001	1
84	0.424	0.715	0.066	1
85	0.000	0.952	0.002	1
88	0.000	0.961	0.001	1
92	0.000	0.941	0.003	1
94	0.404	0.605	0.134	1
95	0.317	0.642	0.108	1
96	0.000	0.952	0.002	1
99	1.067	0.965	0.001	1
101	0.000	0.949	0.002	1
103	0.000	0.951	0.002	1
104	0.000	0.941	0.003	1
106	0.000	0.95	0.002	1
107	0.000	0.947	0.002	1
108	0.417	0.603	0.136	1
110	0.000	0.949	0.002	1
114	0.000	0.958	0.001	1
115	0.268	0.42	0.325	1
117	100.000	0.225	0.737	1
121	2.157	0.615	0.126	1
122	0.383	0.557	0.173	1
126	100.000	0.519	0.208	1
128	100.000	0.464	0.269	1
263	1.000	1	0.000	1