# Omega fit to each site after fixing tree and all other parameters.
# Fits compared to null model of omega = 1.
# P-values NOT corrected for multiple testing, so consider Q-values too.
# Q-values computed separately for omega > and < 1 # Will fit different synonymous rate for each site.
#
site	omega	P	dLnL	Q
98	0.000	5.77e-06	10.281	0.00152
233	0.000	2.46e-05	8.899	0.00323
135	0.000	7.75e-05	7.809	0.00679
158	0.000	0.00281	4.462	0.148
87	0.024	0.00281	4.464	0.148
216	0.000	0.00342	4.283	0.15
53	0.000	0.00475	3.986	0.156
232	0.000	0.0046	4.015	0.156
241	0.066	0.00544	3.864	0.159
64	0.000	0.00981	3.335	0.246
236	0.000	0.0112	3.216	0.246
146	0.000	0.0104	3.280	0.246
257	0.000	0.0138	3.033	0.279
219	0.000	0.0155	2.932	0.29
162	0.000	0.0191	2.745	0.335
134	0.000	0.0229	2.587	0.377
123	0.000	0.0256	2.491	0.396
91	0.000	0.0942	1.401	0.403
86	0.000	0.0637	1.720	0.403
93	0.000	0.116	1.234	0.403
224	0.000	0.124	1.184	0.403
90	0.000	0.0784	1.549	0.403
78	0.000	0.107	1.296	0.403
206	0.000	0.0852	1.481	0.403
76	0.000	0.0764	1.570	0.403
70	0.000	0.0482	1.951	0.403
220	0.000	0.0833	1.499	0.403
68	0.000	0.104	1.323	0.403
66	0.000	0.105	1.313	0.403
65	0.000	0.0814	1.519	0.403
81	0.000	0.0875	1.460	0.403
132	0.000	0.0784	1.549	0.403
200	0.000	0.124	1.185	0.403
202	0.000	0.0974	1.374	0.403
167	0.000	0.066	1.690	0.403
156	0.000	0.0742	1.594	0.403
169	0.000	0.0717	1.622	0.403
170	0.000	0.115	1.240	0.403
153	0.000	0.122	1.198	0.403
149	0.000	0.0926	1.415	0.403
174	0.000	0.124	1.185	0.403
147	0.000	0.0824	1.508	0.403
178	0.000	0.0434	2.040	0.403
181	0.000	0.0814	1.519	0.403
97	0.000	0.0578	1.800	0.403
182	0.000	0.0717	1.622	0.403
192	0.000	0.103	1.332	0.403
120	0.000	0.0736	1.600	0.403
119	0.000	0.0946	1.397	0.403
118	0.000	0.0946	1.397	0.403
194	0.000	0.132	1.135	0.403
116	0.000	0.0639	1.717	0.403
112	0.000	0.0717	1.622	0.403
109	0.000	0.0283	2.406	0.403
198	0.000	0.0434	2.040	0.403
60	0.000	0.0764	1.570	0.403
124	0.000	0.113	1.255	0.403
225	0.000	0.074	1.596	0.403
82	0.000	0.132	1.135	0.403
226	0.000	0.132	1.135	0.403
40	0.000	0.122	1.198	0.403
235	0.000	0.107	1.296	0.403
237	0.000	0.0462	1.987	0.403
32	0.000	0.124	1.185	0.403
31	0.086	0.0851	1.482	0.403
29	0.000	0.131	1.139	0.403
58	0.000	0.102	1.338	0.403
26	0.000	0.105	1.313	0.403
42	0.000	0.0926	1.415	0.403
23	0.000	0.0565	1.819	0.403
247	0.000	0.082	1.512	0.403
251	0.000	0.0787	1.546	0.403
255	0.000	0.0482	1.951	0.403
256	0.000	0.131	1.139	0.403
5	0.000	0.124	1.184	0.403
260	0.000	0.0852	1.481	0.403
261	0.054	0.105	1.313	0.403
2	0.000	0.132	1.135	0.403
20	0.000	0.131	1.139	0.403
44	0.074	0.0846	1.487	0.403
164	0.000	0.0639	1.717	0.403
49	0.000	0.13	1.144	0.403
56	0.000	0.0717	1.622	0.403
51	0.000	0.126	1.172	0.403
52	0.000	0.0391	2.129	0.403
229	0.000	0.0637	1.720	0.403
207	0.000	0.144	1.068	0.419
54	0.000	0.141	1.082	0.419
243	0.000	0.145	1.063	0.419
125	0.000	0.144	1.068	0.419
100	0.000	0.144	1.068	0.419
55	0.000	0.158	0.996	0.438
234	0.000	0.158	0.996	0.438
191	0.000	0.157	1.001	0.438
19	0.000	0.154	1.014	0.438
77	0.000	0.18	0.901	0.482
190	0.193	0.176	0.915	0.482
165	0.000	0.18	0.901	0.482
168	0.000	0.198	0.828	0.526
113	0.189	0.239	0.693	0.629
253	0.201	0.283	0.576	0.737
105	0.170	0.292	0.556	0.752
22	0.163	0.301	0.536	0.768
111	0.198	0.336	0.463	0.85
102	0.192	0.358	0.423	0.896
209	0.217	0.366	0.409	0.908
89	0.265	0.397	0.358	0.976
131	0.262	0.41	0.340	0.998
186	0.000	0.946	0.002	1
185	0.000	0.964	0.001	1
248	10.407	0.00926	3.386	1
166	0.000	0.959	0.001	1
223	1.575	0.745	0.053	1
222	1.000	1	0.000	1
259	0.000	0.961	0.001	1
258	0.541	0.701	0.074	1
249	100.000	0.291	0.558	1
184	100.000	0.642	0.108	1
175	0.386	0.553	0.176	1
183	1.120	0.962	0.001	1
172	0.303	0.482	0.247	1
250	0.265	0.493	0.235	1
221	0.436	0.597	0.140	1
180	0.442	0.604	0.135	1
179	0.449	0.61	0.130	1
173	0.698	0.829	0.023	1
252	94.212	0.494	0.234	1
177	100.000	0.103	1.330	1
176	1.097	0.948	0.002	1
171	100.000	0.293	0.553	1
254	100.000	0.465	0.267	1
214	0.679	0.656	0.099	1
188	0.515	0.765	0.045	1
212	0.556	0.713	0.068	1
211	0.000	0.962	0.001	1
210	0.453	0.619	0.123	1
231	1.201	0.934	0.003	1
230	0.407	0.572	0.159	1
208	0.000	0.953	0.002	1
238	100.000	0.129	1.154	1
239	94.313	0.233	0.710	1
205	0.000	0.963	0.001	1
240	0.509	0.808	0.029	1
215	0.376	0.544	0.184	1
204	0.000	0.964	0.001	1
203	0.000	0.954	0.002	1
187	100.000	0.398	0.358	1
201	0.000	0.957	0.001	1
199	0.321	0.467	0.265	1
242	0.306	0.502	0.225	1
197	0.000	0.959	0.001	1
218	100.000	0.228	0.726	1
228	0.762	0.85	0.018	1
196	0.563	0.771	0.042	1
195	0.307	0.609	0.131	1
244	0.386	0.553	0.176	1
245	0.000	0.946	0.002	1
246	0.498	0.664	0.094	1
193	0.000	0.962	0.001	1
213	27.293	0.0261	2.473	1
189	0.000	0.953	0.002	1
217	0.926	0.962	0.001	1
227	96.898	0.446	0.291	1
1	100.000	0.352	0.433	1
161	100.000	0.873	0.013	1
37	100.000	0.346	0.444	1
38	100.000	0.639	0.110	1
39	0.000	0.955	0.002	1
41	0.000	0.963	0.001	1
43	0.000	0.946	0.002	1
45	0.000	0.953	0.002	1
46	0.424	0.587	0.148	1
47	0.000	0.963	0.001	1
48	0.000	0.958	0.001	1
50	100.000	0.161	0.982	1
57	0.291	0.437	0.302	1
59	4.277	0.571	0.161	1
61	0.000	0.953	0.002	1
62	0.310	0.476	0.254	1
63	100.000	0.58	0.153	1
67	0.421	0.706	0.071	1
69	1.992	0.891	0.009	1
71	0.000	0.953	0.002	1
72	0.000	0.966	0.001	1
73	1.000	1	0.000	1
74	91.178	0.534	0.193	1
36	0.000	0.959	0.001	1
75	93.201	0.501	0.226	1
35	1.574	0.881	0.011	1
33	1.058	0.98	0.000	1
3	0.303	0.482	0.247	1
4	94.759	0.38	0.385	1
6	92.698	0.39	0.370	1
7	81.729	0.408	0.342	1
8	0.412	0.589	0.146	1
9	0.000	0.958	0.001	1
10	2.624	0.337	0.460	1
11	1.089	0.951	0.002	1
12	0.000	0.955	0.002	1
13	0.582	0.721	0.064	1
14	100.000	0.203	0.809	1
15	84.374	0.188	0.868	1
16	1.306	0.873	0.013	1
17	0.494	0.671	0.090	1
18	100.000	0.154	1.015	1
21	0.541	0.829	0.023	1
24	100.000	0.492	0.236	1
25	0.000	0.953	0.002	1
27	100.000	0.261	0.631	1
28	0.000	0.953	0.002	1
30	1.139	0.979	0.000	1
34	0.983	0.99	0.000	1
163	0.398	0.505	0.222	1
79	100.000	0.147	1.049	1
83	0.000	0.953	0.002	1
262	1.000	1	0.000	1
133	0.257	0.42	0.325	1
136	0.000	0.959	0.001	1
137	0.000	0.964	0.001	1
138	0.265	0.437	0.302	1
139	29.761	0.0336	2.258	1
140	100.000	0.77	0.043	1
141	100.000	0.398	0.356	1
142	100.000	0.378	0.388	1
143	0.268	0.444	0.293	1
144	0.000	0.961	0.001	1
145	100.000	0.467	0.265	1
148	0.330	0.507	0.220	1
150	100.000	0.224	0.740	1
151	0.000	0.947	0.002	1
152	0.457	0.716	0.066	1
154	0.000	0.947	0.002	1
155	0.000	0.955	0.002	1
157	2.955	0.622	0.121	1
159	0.743	0.846	0.019	1
160	1.163	0.933	0.004	1
130	0.212	0.784	0.038	1
80	0.000	0.96	0.001	1
129	100.000	0.599	0.138	1
127	0.000	0.966	0.001	1
84	0.436	0.709	0.069	1
85	0.000	0.955	0.002	1
88	0.000	0.964	0.001	1
92	0.000	0.946	0.002	1
94	0.446	0.618	0.124	1
95	0.402	0.71	0.069	1
96	0.000	0.955	0.002	1
99	0.983	0.99	0.000	1
101	0.000	0.953	0.002	1
103	0.000	0.955	0.002	1
104	0.000	0.946	0.002	1
106	0.000	0.953	0.002	1
107	0.000	0.95	0.002	1
108	0.386	0.553	0.176	1
110	0.000	0.953	0.002	1
114	0.000	0.961	0.001	1
115	0.320	0.47	0.261	1
117	100.000	0.234	0.707	1
121	1.799	0.681	0.085	1
122	0.374	0.537	0.190	1
126	100.000	0.541	0.187	1
128	100.000	0.475	0.255	1
263	1.000	1	0.000	1